       0.57897438658       0.58830984678       0.56451765594
        0.5746118628       0.57518999142       0.58221789813
       0.56904815024       0.59137090038       0.57137086108
       0.59460107116       0.57662601329       0.56031420379
       0.56407173716       0.56652306299       0.60072846981
        0.5717951499       0.59443718769       0.56541554315
       0.55253447088       0.58363957028       0.59503824288
       0.57632417373       0.58972622974       0.56575031659
       0.57600240026       0.56395498163       0.59175671825
       0.56984976571       0.57034730298       0.59158701685
       0.57106161844       0.57743830661       0.58348404435
       0.58144568925       0.57871608578       0.57184665996
         0.605173136       0.54893447877       0.57657299059
       0.57021618488       0.58710681215        0.5745947212
       0.57354569554       0.59440415222       0.56367458604
       0.57073965364       0.57070578766       0.59038220814
       0.57285985827       0.59193539405       0.56696037962
        0.6080959185       0.55304943574       0.56952232225
       0.57401300733       0.57194609224       0.58599209465
       0.58168963978       0.57210131009       0.57821903632
       0.57144333901       0.57637502504       0.58416122844
       0.57109111541       0.56872243984       0.59195415728
        0.5770687629       0.57753381189       0.57744812668
       0.56588645764       0.57486001259        0.5910232508
       0.56646430066       0.59913100961       0.56582703135
       0.57347516835       0.57761932474       0.58093213629
       0.59142220132       0.56265442652       0.57761559544
       0.57642829153       0.57273591303       0.58284131516
       0.58208768311       0.54839157906       0.60036705872
       0.58891634013       0.57595258109       0.56697104746
        0.5909791744       0.55875226658       0.58184149046
       0.56225663192       0.57227668391          0.59696472
       0.57237965448       0.57582743419       0.58378446122
       0.56686720195       0.58912375244       0.57584266919
       0.58157534336       0.57542908469       0.57502303301
       0.56824164811       0.59264314874       0.57085508459
       0.57410586774       0.57634320204        0.5815762771
       0.58166266482       0.57698583775       0.57337238108
       0.56156458953       0.58218112067       0.58797138921
       0.58662522969       0.58567090445       0.55933928127
       0.57475564092       0.58302600328       0.57422698712
       0.58074085045       0.58315288808       0.56804293301
       0.59549367463       0.56533191423       0.57077763641
       0.56582178492       0.56902979278        0.5966999268
       0.59299777397       0.58173040891       0.55672557999
       0.56841690473       0.58511956587       0.57839200898
       0.56130089375       0.57196652216       0.59816018274
       0.57080612031       0.57388806169        0.5872247148
       0.56696224045       0.58050606854       0.58443692755
       0.56900904566       0.59199586777       0.57076229597
       0.56834874462       0.57973891557       0.58385143167
       0.58415650126       0.56695067051        0.5807995517
        0.5810386578       0.58193596784       0.56898559513
       0.58432803687       0.55655674884       0.59059743535
       0.57873226139       0.57247193443        0.5808139581
       0.58064041022       0.59605790582       0.55459145948
       0.57234369001       0.55764010434       0.60121561402
       0.56896891426       0.58090591123       0.58208478498
       0.55423028556       0.58769340529       0.58944486761
       0.57345721087       0.58490756321       0.57361134037
       0.56461004808       0.56844242619       0.59840513175
       0.55535346064       0.60485277267       0.57073256184
       0.58245176476       0.57168942345       0.57785910466
       0.57792409064       0.58404197227       0.56999887726
       0.59275777675       0.58186065563       0.55684503728
       0.57528937734       0.57959247457       0.57716089242
       0.57953262761       0.59733700208       0.55437391667
       0.56307113084       0.58244781645       0.58626397017
       0.58240789909       0.56100448952        0.5882813968
       0.58836373052       0.57225547453       0.57127208271
       0.56886856538        0.5873405138       0.57569060802
       0.56974184121       0.57629973234       0.58589491624
       0.59513873148       0.57681373813       0.55954964195
        0.5749512384        0.5849597604       0.57206044451
       0.58005612455       0.57556218725       0.57642264093
       0.58335554771       0.58887062983       0.55939939782
       0.58498476202       0.57925509613       0.56767628259
       0.57148541969       0.58510842352       0.57537166059
       0.56475892384       0.56511413071       0.60140949213
       0.57804543577       0.59366834302        0.5598404886
       0.56019255253       0.59750029473       0.57374009959
       0.58463366177       0.56508576873       0.58213534123
       0.60022404076       0.57802239886       0.55283017945
       0.58895161203       0.58193294642       0.56079411958
         0.581776343       0.58131236547       0.56886924725
       0.58690204394       0.56822873299       0.57676866925
       0.57836210358       0.57046825657       0.58314941943
       0.59391559317       0.56901525401       0.56875821655
       0.56699709498       0.58487938388       0.58002620682
       0.59010551455       0.57569385622       0.56599652438
       0.57686111059       0.59040733451       0.56449130946
       0.57453974079        0.5659680899       0.59125646505
        0.5761211108       0.56542972617       0.59023189549
       0.58578232553       0.57228144907       0.57389285598
       0.57897041811        0.5724018931       0.58064561285
       0.57781487902        0.5632824912       0.59062915665
       0.58557315743       0.56863647979       0.57771673953
       0.55380064901       0.59608211725       0.58136989142
       0.55789111128       0.59515230439       0.57840404782
       0.56885630555       0.57766886708       0.58540685309
       0.58725571196       0.56129018947       0.58316725901
       0.56495055762        0.5823217444        0.5845786974
        0.5864386202       0.57220634686        0.5732971667
       0.57416153641       0.55707706078       0.60000306538
       0.58021338439       0.56968151183       0.58207852017
       0.56961808706       0.57263298817       0.58959875826
       0.57265037831       0.57800576295       0.58136123212
       0.58424200338       0.56157674275       0.58591197589
       0.59880784986       0.56823970389       0.56438709931
       0.58133162895       0.58418597506       0.56637468493
       0.58934996944       0.57672708605       0.56573181078
        0.5763679999       0.57232066545       0.58330865294
       0.57802587524       0.57912842409       0.57488812474
       0.58970340008       0.57069560965        0.5714511537
        0.5747745418       0.57320091394       0.58401621411
       0.57870124044       0.56990092647       0.58336764423
       0.56319660399       0.59824462227       0.57001136583
       0.56127527649       0.58584914106       0.58459460134
       0.57732251589        0.5744709808       0.58024288437
        0.5867794754       0.57012308019       0.57502132194
       0.59212452129         0.573849939       0.56576037224
       0.57699807426       0.57986047055       0.57518262924
       0.58524119937       0.58392491571        0.5626050403
       0.57337067138       0.58258882337       0.57605237269
       0.58644241749       0.57926015696       0.56616513626
       0.56768373269       0.60252000909       0.56098557761
        0.5939402685       0.56646603367       0.57127155552
       0.56775803003       0.58266056703       0.58151309784
       0.58487209375       0.57500855988       0.57209246632
       0.56852733972       0.59122202509       0.57204298881
        0.5595844918       0.58509819412       0.58696277546
       0.56511826368       0.57270812859       0.59384067518
       0.57931555557       0.57169412461       0.58099854988
       0.57640485313       0.57782883514       0.57781595908
       0.57639798597        0.5747850791       0.58085064742
       0.58503050629         0.574289003       0.57265299069
       0.57922228973       0.57506443701       0.57775637803
       0.57522155692       0.59200043787       0.56449591851
        0.5675898807       0.58085992781       0.58347533931
       0.57497048829       0.56984502214       0.58709930024
       0.57405704662       0.58178364525       0.57618252086
       0.55699440012       0.58347820786       0.59102488881
       0.57926504546       0.57662002985       0.57616087015
       0.57926051425       0.56807435481       0.58459283612
       0.58396806016       0.57474745871       0.57327712619
       0.56390882901       0.58449755314       0.58341189817
       0.56709636138       0.57711616793       0.58765520981
       0.56781496235       0.59062485072        0.5733658991
       0.56464735757        0.5986003401        0.5681997839
       0.59117029324       0.56655415325       0.57405058647
        0.5824588917       0.56108973284       0.58814959932
       0.58131277421       0.57380833745       0.57690506187
       0.55993804427       0.57587410783         0.595683136
       0.57177397879        0.5975143364       0.56218425358
       0.57700277714       0.58878085478       0.56604319642
       0.56214781344       0.58850090695       0.58108219587
       0.58977068965       0.58070853612       0.56120239639
       0.58681888105        0.5636973351       0.58128213051
       0.57538827675       0.58805830888       0.56843271927
       0.58317947985       0.56718190273       0.58155514226
       0.58168134199       0.55338827783       0.59616124525
       0.58271551375        0.5828926483        0.5662850789
       0.55342775016       0.58173826337       0.59606905496
       0.59090717278       0.56144014432       0.57932173919
       0.58308380381       0.56009891387       0.58847471009
       0.57867978918       0.57977123951       0.57358086738
       0.57969352234       0.55492514518       0.59666867137
       0.57971779854       0.55912983994        0.5927065852
       0.56969764191       0.58946823904       0.57268821531
       0.58165395176       0.57320901924       0.57715691165
       0.57895965213       0.57992775956       0.57314004824
       0.56366702854       0.57220209081       0.59570483313
       0.56716776646       0.58543213688        0.5793012496
        0.5710025024        0.5768660942       0.58410756854
       0.57805525555       0.58437872957       0.56952051935
       0.56707216097       0.57731693112       0.58748134038
       0.58116692926        0.5936683268       0.55659942337
       0.56881529154       0.58846228561       0.57459664332
        0.5740378513       0.57140342007       0.58649695379
       0.57785799367       0.57520655292       0.57897975839
        0.5913665715        0.5948010986       0.54451559318
       0.53743822172       0.58982122967       0.60271973161
       0.57537945343       0.58159659765       0.57505119961
       0.58553211863       0.57838311892       0.56800097342
       0.57040893303       0.59236199397       0.56898235229
       0.57858682226       0.58258192154       0.57082010634
       0.57252116765       0.57992326277       0.57957615711
       0.59175793275       0.57789863507       0.56201042394
       0.57058209302        0.5811671632       0.58024202152
       0.57399817839       0.56640020504       0.59136866584
       0.56852698229       0.58881179507         0.574523925
       0.57708658978       0.57661771307       0.57834512262
       0.59190107006       0.56909555423       0.57077436296
       0.58036392971       0.56635161947       0.58516967813
       0.56898855218       0.57331716907       0.58954172977
       0.57814587526       0.56821886006       0.58555501363
       0.57200767517       0.58899383392       0.57087081126
       0.58854934114       0.57393569656        0.5693922104
       0.59108468711        0.5598708286       0.58065785791
       0.58426499579       0.58006652542        0.5675889717
       0.58666501381       0.59512698633       0.54922493727
       0.57308091308       0.59090486665       0.56781132926
       0.57402482877       0.57977061868       0.57824002427
       0.57549937097       0.56700916428       0.58932256162
       0.57131007231       0.57803916513       0.58264528218
       0.58531810975       0.56143853217        0.5849696445
       0.57640882733       0.58141531492       0.57420300883
       0.57194479732       0.57674098538       0.58330865294
        0.5829603919       0.56068588454       0.58803785622
        0.5718659005       0.56314726397       0.59651869285
       0.56439384419       0.58413235149       0.58330865294
       0.56605671715       0.58869351866       0.57707862034
       0.57838218946       0.58752288309       0.56594249246
       0.57207470813       0.58074678105       0.57919228639
       0.56901478439       0.58685648054       0.57603962225
       0.58252109579       0.56683832158       0.58254913109
       0.56900807786       0.57316844709       0.58966748137
       0.57992607482       0.58196817902       0.57008664811
       0.57757637524       0.58722351204       0.56707501943
        0.5790297091       0.58275630662       0.57019267189
       0.59627269307        0.5600173349       0.57518645682
       0.57238029329        0.5800513806       0.57958709072
       0.59068712745       0.57196287861        0.5691635819
       0.58561690048       0.57476374939       0.57157631009
       0.57521489496       0.59332769763       0.56310751002
        0.5884621534       0.57745944122       0.56590890412
       0.56861213027       0.58637826445       0.57692354457
       0.57570537489       0.57298080318        0.5833149411
       0.57785863284       0.56826074178       0.58579785746
       0.56277165112       0.60276752829       0.56564951652
       0.59154783457        0.5548794914       0.58496145979
       0.57688346076       0.58641466691       0.56861525756
       0.58124490122        0.5791412523        0.5716203064
       0.57812125724       0.56738161807       0.58639057922
       0.57073817849       0.58813088265       0.57302704691
       0.58142112927       0.57940215041       0.57117652135
       0.60052300702         0.564288005       0.56652552057
       0.56780519052       0.57669145558       0.58738763239
       0.57558082333       0.57226416125       0.58414077547
       0.57660738612       0.56789855138        0.5873799091
       0.58348945327       0.56536383699       0.58301268403
        0.5695154265       0.58747232067       0.57491603859
       0.57102993687       0.59351585944       0.56715406706
       0.57924649131       0.59309886065       0.55920232815
         0.579294148       0.58011608226       0.57261123042
       0.57477021314       0.57410573302       0.58313103964
       0.57266045425       0.57608953677       0.58325024627
       0.57064187868        0.5869352289       0.57434735428
       0.56605242076       0.58985371065       0.57589691524
        0.5614592018       0.59135533611       0.57884577495
       0.58421266422        0.5617465788       0.58577840877
       0.58944563438       0.57099004934        0.5714229674
       0.58929811185       0.56857128697       0.57398120789
       0.59049011879       0.57859743579        0.5626245879
       0.59959773814       0.56129431342       0.57046581505
       0.57307690673        0.5805892638        0.5783588555
       0.57111359359       0.60302736442       0.55694457621
       0.59611378938       0.55828239804       0.57703475991
       0.57903346861       0.58938294154       0.56333648067
        0.5658200783       0.58290680208       0.58315289512
       0.58218223023        0.5670190736        0.5827119537
       0.58000917483       0.57249036634       0.57952061012
       0.58843383208       0.57483039671       0.56860851232
       0.56588318411       0.58793586306       0.57802045194
       0.57078646339       0.58278244965       0.57841804052
       0.56754729717       0.58864137925       0.57566604217
       0.57410118834        0.5649633797       0.59264171735
       0.57626384396       0.59706629147       0.55806077244
       0.59097057925       0.58504070649       0.55541079051
       0.59919482759       0.54974755846       0.58201647791
       0.56760897988       0.59584613622       0.56814384438
       0.56338763723       0.58904659148       0.57932588695
        0.5698315298       0.57578612864       0.58631251198
       0.56020273276       0.57313431193        0.5980718675
       0.55438383054       0.58660560412       0.59038329385
       0.57759332443       0.58235466549       0.57205681113
       0.57752519698       0.56054665364       0.59350829477
       0.59340913764       0.56090368031       0.57728039701
       0.58659954484       0.56353772042       0.58165815705
       0.57836164903       0.57691614837       0.57677167118
        0.5699509705       0.59088144444       0.57097724109
       0.57582309633       0.57489438231       0.58131248991
       0.58357577657       0.57230651332        0.5761115932
       0.57804502923       0.57220386868       0.58176170108
        0.5846480816       0.55607778694       0.59073184742
       0.56195277253       0.58668437364        0.5831042164
       0.56886792893       0.59785643009       0.56476275412
       0.58540142116       0.55638774077       0.58969302015
       0.57758600969       0.58855744608       0.56568059368
       0.58957933916       0.56531119962       0.57690506187
       0.57635215784       0.57207097535       0.58356918126
       0.58122236264       0.57700875129       0.57379566581
       0.57188504206       0.57007410861       0.58988389482
        0.5798932279       0.57530645789       0.57684167997
       0.58774076107       0.57826707124        0.5658338909
       0.61165426352       0.57320638901       0.54526461239
       0.57943310268       0.57624297981        0.5763690725
       0.57616284136       0.59081030455       0.56478275848
       0.56249086384       0.58518908404       0.58408712023
       0.55884971596       0.58005710538       0.59263880186
       0.58889575477       0.56749081681       0.57546152161
       0.58564736159       0.56897373405       0.57730932594
       0.58002568662       0.57150564237       0.58047523944
       0.56619093002       0.57768655082       0.58796775402
       0.56871059092       0.57094515027        0.5921063242
       0.57882454274       0.57752509107        0.5756968976
       0.57208797147       0.57028728153        0.5894809322
       0.56987159639       0.58453894301       0.57754704374
       0.58965738969       0.57118758849         0.571006919
       0.59669008318       0.56778242867        0.5670838195
       0.56116073659       0.58974464773       0.58077523896
       0.58613843779       0.56984969728         0.575945357
       0.57409572843       0.56874898046       0.58901501833
       0.58317706306       0.56529815437       0.58338881527
       0.57434422758       0.56861551678       0.58890160665
       0.56884558198       0.59855711832       0.56404262247
       0.55475089085       0.58523517435       0.59139770021
        0.5714611895       0.56174538651       0.59822590184
       0.59142623288       0.58713970154       0.55270424455
       0.59015387644       0.58544859706       0.55584920826
       0.55515123351       0.58849612782        0.5877749701
       0.57798014855       0.57664489672       0.57742498298
       0.55214186966       0.58265428854       0.59636677961
       0.56553328949       0.58098954227       0.58534028586
       0.56479758816       0.56708496677       0.59951507476
       0.56136689154       0.58920738553       0.58112121793
       0.56813342615       0.58700479764       0.57675798879
       0.56751722664       0.59187319591       0.57237253379
       0.56520819516       0.59278437969       0.57371279863
       0.59970727861       0.56305126648       0.56861626014
       0.60187464084       0.57457918415       0.55462210365
       0.57931256604       0.56095327037       0.59137837236
       0.56565909127        0.5923384174       0.57372902292
       0.58309972762       0.57783048548       0.57105747321
        0.5819623903       0.57534565143       0.57471484899
       0.58550647278       0.56068772036       0.58550102525
       0.57196816753       0.56972483465       0.59014068501
       0.58492233945       0.58215518375       0.56476649939
       0.57719444758       0.57978263657       0.57506405209
       0.58690234549       0.56993168528       0.57508565534
       0.57820979465       0.58050071718       0.57331697231
       0.57780734162       0.58973139626       0.56423005613
       0.57955225281       0.58358167028       0.56881598111
       0.57322367284       0.58542502649       0.57331680532
       0.57881232925       0.57257932712       0.58062828183
       0.59063065292       0.57595914331       0.56517828786
        0.6017178322       0.55814597782       0.57132190389
       0.59017729562       0.56590050616       0.57571466618
       0.57125396751       0.58685500068       0.57382062771
       0.56108080017       0.58357118177       0.58705452174
       0.57464549428       0.57674616455       0.58064310689
       0.55675275938       0.59508930986       0.57956455914
       0.59428695313       0.58335134318       0.55364630203
       0.59054450543       0.56594198534       0.57529718957
       0.57119100767       0.58266086478       0.57814111548
       0.56213801237       0.58342649825       0.58618629819
       0.57675551873       0.57789744873       0.57739727257
       0.57138388867       0.58215449836       0.57846053608
       0.56702103445       0.59248387101       0.57223247818
       0.58524570676       0.57154108185       0.57517671587
       0.58717406543       0.55999708668       0.58449112893
       0.56995234161       0.58998455819       0.57190256984
        0.5616595472       0.59525330882       0.57464080205
       0.59499811289       0.56474846913        0.5718709752
        0.5676403738       0.58749384433       0.57674551486
       0.58318406462       0.57521601871       0.57360515914
       0.55930543327       0.58482229157       0.58750346347
       0.58969210546       0.57521148554         0.566917073
       0.57596094541       0.57147230665       0.58454118084
       0.56365857979       0.58161177494        0.5865294099
       0.57282420846       0.56496137598        0.5938779924
        0.5759144768       0.57161236934       0.58445001038
       0.57482974893       0.57944659177       0.57776501022
       0.57266866551       0.57889318209       0.58045954491
       0.58526601771       0.54977143801       0.59599920676
       0.57046424435       0.57687877011       0.58462075785
       0.57589017819       0.57560497757       0.58054234339
       0.57414921108       0.59434915893       0.56311789236
       0.56313535224       0.58525250211       0.58340216304
       0.57455408313       0.58536332983       0.57204665688
       0.56841267867       0.57958068663       0.58394627699
       0.56889407241       0.57215601809       0.59075970186
       0.55850449169       0.58235618739       0.59070636002
       0.57273351628       0.58780421678       0.57136898941
       0.57928118553       0.57204861468       0.58068381287
       0.59691002723       0.58329384984       0.55087812094
       0.57485219297       0.58120859026       0.57597007808
       0.59193760372       0.58269501264       0.55684503728
       0.57908609107       0.57665863315       0.57630210822
       0.57939293461       0.58060420649       0.57201624341
       0.58315941898       0.58060254284       0.56817759485
        0.5772825286       0.55855085146       0.59562221962
        0.5947349174       0.56862553586       0.56829163112
        0.5915413231       0.57831557369       0.56180954095
       0.56914098698       0.59187035001       0.57076091817
       0.57664490856       0.58191997426       0.57345426408
         0.569862497       0.59674089338       0.56493985581
       0.57078911993       0.56193600946       0.59868831777
       0.56674990486       0.59559434192       0.56926437198
       0.58182616022       0.57949787207       0.57066674649
       0.59126782935       0.58442340317       0.55574422157
       0.56587919245       0.57749419632       0.58845661928
       0.55310371141       0.58679246615       0.59139740116
       0.59283686268       0.58632469781       0.55205778953
       0.58931657109       0.56718060599       0.57533654431
       0.57748065959       0.58142565535        0.5731145567
       0.57916240222        0.5757387189       0.57714455678
       0.59848141208       0.55471892427       0.57801982185
       0.57237949302       0.58179648672        0.5778361048
       0.57555446013       0.56409937993       0.59205485641
       0.59220389881       0.55384344737       0.58527940169
       0.57556243863       0.56439315952       0.59176704938
       0.55535278644       0.58093672441       0.59505949688
       0.59061047133       0.58519189164       0.55563452118
       0.59827600462       0.56801993505       0.56517181076
        0.5648109293        0.5812701623       0.58575900553
       0.56887278676       0.58776868893       0.57524926839
       0.58523574141       0.58476877889        0.5617335687
       0.58180808612       0.57649427725        0.5737191815
       0.57447698054       0.57502495083       0.58251395241
       0.57974632139        0.5730282085        0.5792519962
       0.57688746428       0.57790646938       0.57725641287
       0.56798031512       0.58234532444         0.581611799
       0.56858527329       0.58379423497       0.57956455914
       0.58263910779       0.57488761674       0.57448750917
       0.57498056733       0.58088354104       0.57616981781
       0.56679255354       0.59276392314       0.57216879736
       0.59428274457       0.56100910723        0.5762784059
       0.56217274293        0.5906481289       0.57887528444
       0.56632799283       0.58784311852       0.57767903939
       0.57853017137        0.5864664624       0.56688616961
       0.56320371208       0.58744705387        0.5811260944
       0.58787466279       0.56700352502        0.5769838676
       0.57445566297       0.56817483432       0.58921816752
       0.58484623582       0.57685417362       0.57025796165
        0.5633191437       0.59181039623       0.57656916086
       0.57425787167       0.57438318219       0.58336254323
       0.59704244702        0.5597809995       0.57461774168
       0.56585789241       0.57552129549        0.5904067107
       0.59403410117       0.56197767017       0.57559064002
       0.57914808543       0.57443033891        0.5784611317
       0.57994646142       0.58977380151       0.56198662345
       0.56369050032       0.57581511226       0.59219082764
       0.57470138158       0.58383174221        0.5734621337
       0.56368669044       0.57416325458       0.59379615367
       0.56849091201       0.58261312749       0.58084423612
       0.58309619675       0.57872273585       0.57015683838
       0.57591859676       0.56725361603       0.58867742016
       0.59236318941       0.57425495611       0.56509919237
        0.5651478621       0.58183607856       0.58487150012
       0.57132820762       0.58262594494       0.57804073166
       0.56206627563       0.57119409589       0.59817957723
       0.55206821249       0.58498020368       0.59415389425
       0.58692130365       0.56341574269       0.58145170411
       0.56956489073       0.58167974724       0.58072756685
         0.587997672       0.58350113327       0.56016530167
       0.58230896829       0.57747758394       0.57222015474
       0.57254699475       0.58674937711       0.57263872316
       0.56968093366       0.58340687872       0.57887826673
       0.57364876766        0.5823556738       0.57601125037
       0.57893088205       0.60546441424       0.54612441522
       0.56103841439       0.59533646958       0.57516118225
       0.59320088612         0.575126169       0.56333169487
       0.57322689719       0.58049354632        0.5783062917
       0.57815545145       0.58556107913       0.56820286568
       0.58529703812       0.57021921285       0.57643510169
       0.55355230924       0.59686441529       0.58080350438
       0.59160067597       0.57490701057        0.5652349683
       0.58864777764         0.560347081       0.58267052671
       0.58852053021        0.5763268288       0.56700173891
       0.58352159191       0.56977938412        0.5786657111
       0.57028359074       0.57564451967       0.58601195646
       0.57320111977       0.58548515641       0.57327794997
       0.58402815092       0.55687141815       0.59059744546
       0.56052854313       0.59572176681       0.57525935793
       0.58073577946       0.55724243326       0.59348700494
       0.59089748415       0.58258581178       0.55806266237
       0.58806583211       0.59062417168       0.55257729318
       0.57608595702       0.56617245846        0.5895538291
       0.57279001276       0.57818641803       0.58104394609
       0.58028986548       0.58527811923       0.56631545553
       0.56783565295       0.56020284471       0.60310483667
       0.59128561228        0.5613908796       0.57898325107
       0.58466021686       0.57076698916       0.57653922235
       0.57426664151       0.57280580164       0.58490284497
       0.58426914787       0.57129416057       0.57641351905
       0.56856948997       0.58426735129       0.57910309728
       0.57589924041       0.57238460924       0.58370876642
       0.56863517404       0.58633978694        0.5769399389
       0.56565246868       0.59879275655       0.56699604883
        0.5659981871       0.57944668363       0.58641929798
       0.58540859233       0.57261576697       0.57394073165
       0.58087888274       0.56541948723       0.58556001148
       0.59802018079       0.57120785132       0.56222189032
       0.58583382726       0.58129900152       0.56470363702
       0.57401013569       0.57928219603       0.57874389974
       0.57873710358       0.57247921607       0.58080195601
       0.56790082115       0.57760179566       0.58639988318
        0.5819302785       0.58487074451       0.56505164648
       0.54848636354       0.57508328099       0.60699417538
       0.58183175205       0.56804679234       0.58206069617
       0.56457663799       0.57649712847       0.59068120057
       0.57625433829       0.57804858382       0.57774628717
       0.59005610839       0.58581183424       0.55557023302
       0.56678306642       0.58477046697       0.58034511851
       0.57626907076       0.57350963148       0.58223763249
       0.57146750401        0.5753482183       0.58514897211
       0.56774706652       0.58527732146       0.57889008062
       0.60330959142       0.55846512525       0.56932788513
       0.57232445188       0.57962165612       0.58007194169
       0.56955733419       0.58507491709       0.57731428569
       0.57204346905       0.58241857238       0.57754209896
       0.56610526353       0.58007832945       0.58569101265
       0.58904348225       0.57700538058        0.5657672373
       0.56567303135        0.5765765338        0.5895536636
       0.58423309526       0.57578843165       0.57196098851
       0.58457813876       0.57137121218       0.57602373005
       0.59244287732       0.57139398338         0.567908754
       0.60494376747       0.56667898292       0.55939071186
       0.57573274115       0.57676818553        0.5795431571
       0.58929471056       0.56978672936       0.57277816574
       0.59183556902       0.57623455092       0.56363498966
       0.59026762435        0.5784207322       0.56303959737
        0.5817864491        0.5582558436       0.59150227449
       0.57448432268       0.56985652454       0.58756387265
       0.58173727343        0.5689799435       0.58124312348
       0.57390785799        0.5785467357       0.57958040439
       0.56850084083       0.58492250515       0.57850882184
       0.57372202123       0.57882512383       0.57948642639
       0.59217968541         0.551793057       0.58723729653
       0.57791317791        0.5643513138        0.5895116228
       0.58743974235       0.57425778579        0.5702127187
       0.58859026816       0.57247349495       0.57082010634
       0.56822014643       0.57154682953       0.59199669496
       0.59532688276       0.57678428573       0.55937982659
       0.56064323294       0.58828167958       0.58275537821
       0.59478915798       0.55980463919       0.57692687881
       0.55508601969       0.60103204399       0.57501303711
        0.5899730189       0.57348470537       0.56837235127
       0.57267654542       0.57993132943        0.5794145558
       0.58882328514       0.57667060724       0.56633748738
       0.58207966821       0.57866765082       0.57125039146
       0.55889791524       0.60157077123       0.57074138412
       0.59424985405       0.57269436922        0.5647019306
       0.58135094073       0.56783775901       0.58274468093
       0.58065400096       0.58376228185       0.56750553254
        0.5609465553        0.6005271892       0.56982984928
       0.57715898527       0.57532326292       0.57956073785
       0.57599748895       0.56788532228       0.58799077668
       0.59468259263       0.57001505349        0.5669527783
       0.57382825507       0.57429884705       0.58386810836
       0.59021194182       0.57063079403       0.57099068349
       0.56989533207       0.57938441564       0.58269461074
       0.56369441086       0.59574055452       0.57213792294
       0.57100518919       0.59486231765       0.56576664532
       0.58453157565       0.55903727917       0.58804775109
       0.57352467144       0.56120444834       0.59675708493
       0.58289439208       0.56438534306       0.58455394295
       0.58243381917         0.582472384       0.56700685019
       0.57920252115       0.57259574748       0.58022284466
         0.574056601       0.57904234858       0.57893780097
       0.57704259826       0.55430355532       0.59980780951
       0.59001744748       0.56758455943       0.57421875584
       0.57039662265       0.57767521798       0.58389985049
       0.57444000133       0.57316158715       0.58438384636
       0.58874619271       0.57008530248       0.57304508414
       0.57711349264       0.58515698449       0.56967650479
       0.57782629592       0.58183116984       0.57235413998
       0.59663926975        0.5529202714       0.58163627403
       0.58630226368       0.56719311472       0.57839573496
       0.57608440436       0.57407359367       0.58186447572
       0.56782551662       0.56897878611       0.59484226786
       0.56063558704       0.57205781221       0.59869658261
       0.57986932137       0.56365278252       0.58825769089
       0.57347105501       0.56881509893       0.58955943915
       0.56796802277       0.57075604575       0.59300072627
       0.59655667499       0.56533327009       0.56966518873
       0.56658257988       0.58144153498       0.58387491946
       0.58085395803       0.58209812071        0.5690083104
       0.58245330539       0.58365585387       0.56576849619
       0.58580387317       0.57830704987       0.56779818444
       0.57187327032       0.58113960524       0.57899716917
       0.56516593627       0.58864457218       0.57800089284
       0.58532228422       0.57854104668       0.56805640645
       0.58847077416       0.57080122906       0.57261514551
       0.58831316031       0.56646424274       0.57706662276
       0.57485446766       0.57795715261       0.57923041249
       0.59195959054       0.56861820382       0.57118926938
       0.58346318102       0.56484185375       0.58354468265
       0.59231733558       0.57230424115       0.56712258775
       0.57194284614       0.58586793533       0.57414296399
       0.56890128192       0.58209328613       0.58096362853
       0.58297420782       0.58894191324       0.55972180219
       0.58692339724        0.5740423784       0.57096083366
       0.57351343123       0.57209136833        0.5863393305
        0.5702629379       0.59037806096       0.57118642035
       0.58471167759       0.56761932324       0.57958654054
       0.57449252159        0.5798025298       0.57774334187
       0.58168171023        0.5729218928       0.57741396998
       0.59108150278       0.56440400456       0.57625582575
       0.56344174808       0.57222415382       0.59589673124
       0.60476312656       0.57675998576       0.54918983928
       0.55914397897       0.58764573701       0.58483373582
       0.57890335341       0.56561456789       0.58732535106
       0.56784165324       0.58551212962       0.57855976607
       0.58309355355       0.57894348151       0.56993539373
       0.57765509086       0.57589658613       0.57849608304
       0.56303996847       0.59104160332       0.57762948077
       0.58501800127       0.54776280235       0.59808849726
       0.58558261022       0.56630729606       0.57999056289
       0.56795600838       0.57358372058        0.5902776364
        0.5733904472       0.57258564127       0.58597702896
       0.55274947343       0.58964601186       0.58888504848
       0.57181624316       0.57851173255       0.58167891431
        0.5926953225       0.55838095228       0.58045065838
        0.5696377434       0.56376655906       0.59806363222
       0.57655703199       0.56958130154       0.58579785746
       0.57174203624       0.58442701681       0.57580908816
         0.578065765       0.56212781901       0.59148312438
        0.5753538518       0.58611763375       0.57046828539
       0.57581462752       0.59513870876        0.5605777663
       0.56339330802       0.58447584045        0.5839314792
       0.59383273684       0.55841723251        0.5792519962
       0.59421991163       0.58278818043       0.55431095368
       0.57357431842       0.58012979886       0.57832682604
       0.57399828591       0.57133757534       0.58659981485
       0.58786366729       0.58703146906        0.5566061112
       0.60292735139       0.56388539137       0.56436856251
       0.58579528161       0.57221991745       0.57394098487
       0.58719713268       0.58753984412       0.55677325632
       0.55088866649       0.60064405154         0.579438004
       0.56756450139       0.58736467381       0.57695171092
       0.57104512648        0.5738885524       0.58699181676
       0.56069983301       0.57512954077       0.59568591439
        0.5813840689        0.5697388654       0.58085298457
       0.59495743805        0.5608584217       0.57572864938
       0.58317236572       0.55364209847       0.59446649918
       0.57279559606       0.59660255989       0.56211261386
       0.58269736899       0.57254952863       0.57675888674
       0.57163839333       0.56564115792       0.59437330672
       0.59115291371       0.57033907006       0.57030831817
       0.58616302528       0.58971133553       0.55556588137
       0.57881022513       0.58007689868       0.57314004824
       0.59050026419        0.5757024939       0.56557588042
       0.58100026698        0.5820395401       0.56891885496
       0.57334391301       0.58920544464       0.56930984659
       0.58350020221       0.58146332111       0.56694613521
       0.59433028656       0.56264314971       0.57463396747
       0.57830091416       0.58769962696       0.56584202845
       0.56200527769       0.58265605648       0.58707920053
       0.57632740491       0.58121538957       0.57448706972
       0.57403515893       0.58938319289       0.56842861315
       0.59158503061       0.55562772262       0.58421313355
       0.57374783701       0.58307950804       0.57517971699
       0.58672177499       0.56264924738       0.58239452536
       0.57545927048       0.57684685363       0.57973643621
       0.56765940093       0.59195211682       0.57214988939
       0.55950958677       0.58510558063       0.58702681525
        0.5836141954       0.56882098666       0.57951458659
        0.5793955122       0.57644365555        0.5762061718
       0.58022731947       0.57337750264       0.57842414992
       0.56250570734       0.57066955392       0.59826715558
       0.56777427392         0.576217948        0.5878820037
       0.57812109165       0.56859384653       0.58521538008
       0.59008478241        0.5607189664       0.58085642829
       0.57910487942       0.57026900192       0.58260690356
       0.58284804511       0.57004712951       0.57908067352
       0.57766279301       0.57281368168       0.58154121406
       0.57584140413       0.56990551946       0.58618629819
       0.57224478113       0.57144643637       0.58820479497
       0.56653649156       0.58543490062       0.57991583947
       0.57482424146        0.5859008882       0.57122433478
       0.57069124969       0.58207306661       0.57922572686
       0.59336306546       0.59117097807       0.54629401172
       0.58508577547       0.57957425981       0.56724625403
       0.57097047508       0.57530033641       0.58568100492
       0.58387191572       0.55561115259       0.59193735577
       0.58057286417       0.56746274786       0.58388455981
       0.56467027028       0.59705495476       0.56980072556
       0.56451217465        0.5897125657        0.5775509454
       0.58206365888       0.56836684508       0.58151614459
       0.57480426419       0.57908728521       0.57815047693
       0.57817581719        0.5853390001       0.56841092475
       0.56733775566       0.57306150779       0.59137837236
        0.5809779158       0.56023496984       0.59042479616
       0.56498448726        0.5785476205       0.58828154822
       0.57457411178       0.56378846918       0.59330190637
       0.58846173139       0.58052406156       0.56276514164
       0.56195525976       0.59448101343       0.57515094601
       0.57515753037       0.55925437859       0.59701621024
       0.57678657164       0.57096879263       0.58421904164
       0.58708143152        0.5626240796       0.58205630124
       0.57938735255       0.56673951661       0.58576156925
       0.58684121921       0.56555001852       0.57945712524
       0.56613395732       0.58232023039        0.5834342222
       0.59466236462       0.57109130444        0.5658899134
       0.57012773949       0.57914425979       0.58270600392
       0.57278817585       0.58381373362       0.57539137119
       0.58752535749       0.55433227933       0.58951647848
       0.57527996518       0.58412754839       0.57258009822
       0.56825651899       0.57589977902       0.58772780532
       0.56326041404       0.59831349264       0.56987601327
       0.60129150152       0.57021486223       0.55973524196
       0.57439842799        0.5878239854       0.56967482664
       0.57468588951       0.59073499872       0.56636409639
       0.57151775199       0.56699972585       0.59319370365
       0.58720593688       0.56771945734       0.57696083528
       0.58985593339       0.56146576728       0.58036727166
       0.57344403283       0.56745776046       0.59089223324
        0.5610158179       0.59161376376       0.57901157725
       0.57204053492        0.6013555298       0.55780028074
       0.56075438753       0.58248765491       0.58844086257
       0.59578227246       0.57876364957       0.55684479144
       0.59042166966       0.57062890833       0.57077570111
        0.5718939101       0.56787082047       0.59199669496
       0.55940225895       0.59503690052       0.57706169488
       0.56884301765       0.59656524016       0.56615151286
       0.59595265251       0.55772402204       0.57774073009
       0.56305581499       0.57586264407       0.59274814581
       0.57396040416       0.58628414342        0.5716995344
        0.5788253652       0.55984558148       0.59290312995
       0.59023697055       0.57831893133        0.5631762888
       0.58122735353       0.57505365847       0.57574999209
       0.58111019189       0.57233240627       0.57857286629
        0.5791904187       0.58233947715       0.57045524999
        0.5940143398       0.56891531288       0.56875507108
       0.58646031157       0.54812752001       0.59633926984
       0.57007548836        0.5828417878       0.57905905395
       0.58451175545       0.59139378476       0.55551723563
       0.56533376631       0.59579063985       0.57046581505
       0.59121684485        0.5586163212       0.58173056311
       0.58862154142       0.57597830316       0.56725098084
       0.57563146765       0.56568588595        0.5904641326
       0.56772958605       0.59918473736        0.5645004585
       0.58180489947       0.57827195767       0.57193059188
       0.57484543001       0.59481533419       0.56191409468
       0.57461863635       0.57373302366       0.58364701689
       0.57813857773       0.58403978495       0.56978356815
       0.57818832802       0.57300151701       0.58083346912
       0.57561848977       0.58891473269       0.56731189998
       0.56981555946       0.59229218374        0.5696491879
       0.58042430973       0.56427028658       0.58711724924
        0.5799556698       0.57543097955       0.57665467035
       0.56593555313       0.59165614322       0.57416021971
       0.57077207407       0.57254987398        0.5885625551
        0.5577438435       0.59321378106       0.58053356062
       0.58720198492       0.58398765115       0.56049286544
       0.57890512012       0.56988122929       0.58318457319
       0.56984597629       0.58096742463       0.58116470542
       0.56700833938       0.59688591083       0.56765196426
        0.5782805185       0.57603772389       0.57773019877
       0.58584012535       0.57472224483       0.57138926209
       0.56834901656       0.57771413034       0.58585474222
       0.58945416462       0.55776504741       0.58433033439
       0.57723235512       0.60249934843       0.55117814121
       0.56694556594       0.57353482343       0.59129563805
       0.58553990136       0.56357082916       0.58269283884
       0.58044918693       0.56139940975       0.58983848987
        0.5755062304       0.57761378663       0.57892563621
       0.58042980074        0.5755064025       0.57610209781
       0.56825252787       0.57709212983       0.58656094164
       0.58882825238       0.57714513251       0.56584872998
       0.58072143622       0.57796880246       0.57333644302
       0.57172262778       0.56867553478       0.59138935823
       0.58620723115       0.59078520501       0.55437705914
       0.59814416286       0.55696493365       0.57620623315
       0.57809186619       0.56543336655       0.58829831058
       0.57881683927        0.5762005313       0.57703034089
       0.56067368419       0.57322429335       0.59754408153
       0.55804079245       0.58913181477        0.5843921447
       0.57017962567       0.58102940568       0.58077536467
       0.56460312877       0.58450828346       0.58272924549
       0.57199483784       0.57676798754       0.58323288147
       0.56237254569       0.58805458329       0.58131654624
       0.55374087982       0.60333622321       0.57389584401
       0.59715132692       0.56699683994        0.5673842404
       0.55969055372       0.60085777037       0.57071571195
       0.57917039423       0.58643012105       0.56626969508
       0.56211169079       0.58755323208       0.58207529286
       0.57862225379       0.58430133489       0.56902393401
       0.55784647348       0.58280178305       0.59088864746
       0.57880636725       0.59094684516       0.56192972463
       0.56440007731       0.59907010631       0.56795031513
        0.5787182219       0.58015898474       0.57314986876
       0.58757680534       0.57320584045        0.5711291993
        0.5829650745       0.55853334883        0.5900781475
       0.59367051258       0.56970786404       0.56832057164
       0.57664829653       0.58917902373       0.56599012368
       0.57583334122        0.5759178223       0.58028839821
       0.56351778637       0.57875517121        0.5894829567
          0.57434053       0.58799882888       0.56955274807
        0.5701014053       0.57824904809       0.58362010424
         0.581556182       0.56251577229        0.5876805366
       0.57211495126         0.576589591       0.58329145896
       0.60286109833       0.55627928278        0.5719369333
        0.6001986971       0.57084913613       0.56026135667
       0.58724661917       0.55929339301       0.58509170975
        0.5912487689       0.56865124212       0.57189217349
        0.5861417965       0.58827874392       0.55710493971
       0.55626751531       0.59192658748       0.58325754727
       0.58050298209       0.58309191175       0.56834858163
       0.56086575833       0.57866807339       0.59209193709
       0.56950058807       0.58398961119       0.57846798892
       0.59264071739        0.5801297637       0.55877225894
       0.55889363639       0.59822220353       0.57425438474
       0.58671944216       0.56503540754       0.58008213592
       0.59146991917        0.5761257203        0.5641298513
       0.58159416224       0.58562520648       0.56461610673
       0.57648155669       0.56886081677       0.58657172276
       0.56871962618       0.57019942356       0.59281582651
        0.6017866111       0.56589664278       0.56357241274
       0.58108775541       0.57419672992       0.57674529548
       0.59762303843       0.54466307603       0.58837814163
       0.56323862818        0.5956739535        0.5726559079
        0.5717875517       0.56620715263       0.59369053895
       0.59160865233       0.57613251983       0.56397741274
        0.5896891886       0.57265397186       0.56950337081
       0.58293598715       0.57887066418        0.5701704912
       0.56780541412       0.59564251413       0.56816107491
       0.57943286598       0.57898841441       0.57361134037
       0.57940318132       0.57444715148       0.57818891691
       0.58551683957       0.55996987098       0.58617725491
       0.61069168856       0.56576725162       0.55404248801
       0.56342061655       0.58811150177       0.58024311313
       0.57577060933       0.58057653335       0.57569010271
       0.57556774584       0.58682889158       0.56952051935
       0.56262820573        0.5983456796       0.57046643181
       0.57235926901       0.56351327062        0.5956993042
       0.58544084305       0.56418978675       0.58219318428
       0.57097759771       0.57072186305       0.59013654179
       0.57992008189       0.57124038172       0.58084173826
       0.59565935778       0.56083618733       0.57502408686
       0.59271315169       0.56228441791       0.57665184747
       0.59344086638       0.55127204179       0.58645295979
       0.57227091636       0.59367795694       0.56573181078
         0.592216796       0.57837129296       0.56104002888
       0.58338677465       0.57254450998       0.57606653718
       0.59245906891       0.55300179517       0.58581675139
       0.57859595724       0.59744551617       0.55523470125
       0.59298556474        0.5631379894       0.57553777018
        0.5913770092       0.57209704039       0.56831171848
       0.57026145862       0.57627979043       0.58540880755
       0.56878902794       0.57903007119       0.58412602951
       0.54240353699       0.59402126077       0.59408513263
       0.58725207403       0.56332663325       0.58120401394
       0.56178385556       0.59423717892       0.57557021711
       0.58843401282       0.56710096237       0.57631754357
       0.54995741474       0.60379087969       0.57704715195
        0.5766190318       0.59187582403       0.56319934401
       0.57630064679       0.58347747262       0.57221639566
       0.57773058065       0.57580478982       0.57851207438
       0.57323730884       0.60371068507       0.55401479808
       0.57469954058        0.5753030943       0.58201957677
       0.58148625261       0.56969956706       0.58078924001
       0.56969067226        0.5723183516       0.58983408037
       0.55873156495       0.59234122454       0.58047472989
       0.56978375833       0.61418304867       0.54600883827
       0.58144088022       0.57279303487       0.57778425213
       0.55664889612       0.58709387445       0.58776082638
       0.57036234054       0.59775864544       0.56335725991
       0.57206804747       0.59809119141       0.56127094689
        0.5734591285       0.57554610091       0.58300198428
       0.59448089797        0.5696446402       0.56753629473
       0.56731252644       0.58934148066       0.57518094241
       0.56665855073       0.58127832229       0.58396369658
       0.57202723834       0.58298801816       0.57698337002
       0.57686786565       0.57890025576       0.57627941093
       0.57559612358       0.57907080842       0.57737864643
       0.56833592278       0.56634925182         0.596860791
       0.57323661151       0.57368433094       0.58505219909
       0.57437275277       0.58677532413       0.57078074589
       0.58302785839        0.5838071705       0.56502009169
       0.57577694229       0.59827167443       0.55727185135
       0.55790954409       0.58902142423       0.58462868763
       0.58090641424       0.56749351577       0.58352279086
       0.57691712738       0.59522696881       0.55934916085
        0.5877273639       0.60234196328       0.54014878042
       0.57455678321       0.57577473058       0.58169404543
       0.58809482028       0.58289779977       0.56069121393
       0.57300014281       0.57528721236       0.58370836864
       0.58071788421       0.57615050003       0.57516722809
       0.59038431893       0.57883898902       0.56248713831
       0.57748414296       0.58578617946       0.56865333604
       0.58264515814        0.5544356018       0.59424387515
       0.56310253559       0.59724405444        0.5711524086
       0.57432588275        0.5731039797       0.58455248598
       0.58012717308       0.56767001392       0.58412602951
       0.57187236352       0.58412653141       0.57598454418
       0.57811591838       0.58815648538       0.56555630456
       0.56440060411       0.60031260675       0.56663633157
       0.58222485185       0.55194386632       0.59696917033
       0.55692354651       0.59559365137       0.57888199642
       0.56676817342       0.58215844189       0.58297974762
       0.55908935841       0.59683813533       0.57550267552
       0.55222108334       0.58194160721       0.59698897888
        0.5885134633       0.56502296744       0.57827411301
       0.57037152475       0.58391526534       0.57768441787
       0.57144848649       0.58223687634       0.57831379641
       0.56798403118       0.59150725117       0.57228778787
       0.57796771738       0.57880685009       0.57527032599
       0.59460030075       0.57201419366       0.56502233991
        0.5701094118        0.5819939617       0.57987782086
       0.58109940985       0.58792663086        0.5627306217
       0.58952768406       0.58614953102       0.55577498775
       0.57164394995       0.57435416047       0.58595263702
       0.58296586629       0.57703244674       0.57200030958
       0.58090413141        0.5760824207       0.57504733254
       0.57075904619         0.560544806       0.60001969272
       0.57491921958       0.57379955279       0.58328549114
       0.58985843249       0.57589642883       0.56604799521
       0.59606918539       0.56870324924        0.5668140264
       0.56716958055       0.59155809145       0.57304248651
       0.57563102389       0.57796615765       0.57844969094
       0.57906425483       0.55082565403       0.60106213293
       0.57616269698       0.56724554219       0.58844629447
       0.58154680192       0.58335493258       0.56700999974
        0.5758417596        0.5889738475       0.56702387503
       0.59360776154        0.5736915098       0.56436502108
       0.58366975225       0.55512588214       0.59259165982
       0.58227875928       0.57022247656       0.57948060685
       0.57618836111       0.57569834359       0.58015376385
       0.57835088951       0.57841385831       0.57528050299
       0.55930679344       0.59388939637       0.57833493383
       0.56828802175       0.56794190042       0.59539123447
       0.56767249059       0.57571355776       0.58847416497
       0.57907011695       0.56184947029       0.59076473524
       0.59229474332       0.57298189376       0.56646154897
       0.57197699006       0.59389035701       0.56580612112
       0.57188710339       0.57779141177       0.58232484531
        0.5901360324       0.58331559801       0.55810606195
       0.57879607472       0.57766971342       0.57558040801
       0.60166945006       0.56670738713       0.56288241245
       0.58917021143       0.57282225695       0.56987114676
       0.56421829585       0.58829016516       0.57928610911
        0.5927186504       0.57775975774       0.56114014631
       0.59033438861       0.56345202622       0.57795079702
       0.59938499655       0.57106321079        0.5609139285
        0.5891529148       0.58882036985       0.55334384883
       0.55565110796       0.59494751644         0.580766131
       0.59529950295       0.57922186534       0.55688466714
       0.56784076836       0.58654183096       0.57751670307
       0.57948333612       0.56188972879       0.59032109554
        0.5833533548       0.55703703715       0.59110794504
       0.58793590707       0.55943074301       0.58426758678
       0.59125485903       0.57401342884       0.56650355267
       0.58074740772       0.58841931731       0.56257902151
        0.5728921225        0.5812840821       0.57784377809
       0.56794865013       0.57956017018       0.58441794972
       0.55522224352       0.57058656866       0.60511092203
       0.59035483957       0.57012952461       0.57134358189
       0.58819897837       0.55710215399        0.5862244893
       0.57353451926        0.5784875986       0.58000883914
       0.57838777201       0.57597529288       0.57768507613
         0.563004713       0.59739033825       0.57109585615
       0.59794244524       0.55189424144       0.58127237888
       0.58005105994       0.57834665886       0.57363395126
       0.58024218808       0.56919202024       0.58252849481
       0.58396915648        0.5767225375       0.57128901532
       0.57585973193       0.58205820544       0.57410261681
       0.59006501933        0.5801920149       0.56142719814
       0.57810035481       0.57824650543       0.57570040709
       0.54723125706       0.59560933494       0.58803696434
       0.60479211924       0.54292357364       0.58263237611
       0.58360094297       0.56942523648        0.5789342272
       0.59620982122       0.56261267711       0.57271356247
        0.5773914011       0.59267590668       0.56156427912
        0.5634534839       0.60216431034       0.56561322017
       0.59247390019       0.56487230864       0.57436395476
       0.57223710498        0.5832605768       0.57649960558
       0.57226755478       0.58751655816       0.57213122589
       0.58629489895       0.55937504641       0.58596744698
       0.58486564528       0.57027024962       0.57682234646
       0.56352618785       0.59948926998       0.56837562473
       0.57065676381       0.58919934044       0.57200961106
       0.57459482529       0.58455608482       0.57283066472
       0.57227202656       0.59188012888       0.56761134648
       0.56631452812       0.57492524215       0.59054959248
       0.56008592946       0.59556251468       0.57585505358
       0.57853605777       0.55832222641        0.5946194761
       0.58126952535       0.58196829912       0.56871665856
       0.56652031649       0.57361102737       0.59162920844
       0.58246626581       0.57261987465       0.57692246303
       0.56790951033       0.58692751593        0.5770570848
       0.56445367812       0.58531623531       0.58206266839
       0.58916693063       0.59168812939        0.5502612883
        0.5882094298       0.58494283124       0.55843670265
       0.55685857701       0.58853411437       0.58611954534
       0.57539261059       0.57635388947       0.58029263116
       0.58536473943       0.56988863811       0.57669321306
       0.57171635697        0.5591953909       0.60036732254
       0.56275321807       0.58876759002       0.58022542214
       0.56971759333       0.57712771037       0.58510295656
        0.5659423281       0.58329435844       0.58264652464
       0.55492040797       0.58657716777       0.58990725294
       0.61004069185       0.53746348759        0.5822227699
       0.57295063386       0.58150531564       0.57756310394
       0.58226589642       0.57597891115       0.57377235884
       0.55991734046        0.5833697499       0.58836409371
       0.58456851215       0.57708645679       0.57030770291
        0.5778807527        0.5607155154       0.59300248435
