       0.52424111708       0.58908308983       0.60615500608
       0.58908740924       0.55949143662       0.54579327576
       0.57274372058        0.5860783608       0.57130734202
       0.57414713165        0.5911439309       0.62923278386
       0.55654998881       0.57730067167       0.59975220407
       0.58655824623        0.5601910504       0.58083009121
       0.55263089513       0.57733765705       0.56987467809
       0.58744136833       0.57949692593       0.60978029452
       0.52669717005       0.56070687055       0.61777868632
       0.57548644298       0.56651577127       0.51857853201
       0.57684984122       0.55149619412       0.58939461515
       0.60750772339         0.564054886       0.54708273053
       0.55479590992       0.61093788397        0.5574489768
       0.58406720705       0.59168777473       0.55575964559
       0.60691998454        0.6048348347       0.53359908811
       0.54462634795       0.58309713964       0.58279678785
       0.57320889571       0.55053194079       0.54625613683
       0.57211457599       0.60229233298       0.56803411074
       0.56747412672       0.58717716122       0.55503906402
       0.55358963603       0.57701286803       0.61285186564
       0.54006214404       0.59691287451       0.54293111037
        0.5870994267       0.55029064996       0.57125435841
       0.63171583128       0.57125051412       0.58711104175
       0.59415893631       0.60811621616       0.59347486983
       0.57786771064       0.56901905595       0.57624632876
       0.57902702079       0.55135881309       0.59915024361
         0.571362563       0.53863871852       0.61086805202
       0.61606728685       0.55883283578       0.57080257502
        0.6108738253       0.53590054795       0.56312030359
       0.55933719803       0.53416324058       0.57998570303
       0.56544883625       0.55258139439       0.57551366098
       0.55086695329       0.60590841091       0.55723430296
       0.58563883312       0.53878841005       0.60355488282
       0.59946492838       0.60722940551       0.64874006663
       0.55436402215       0.59532998457       0.56578773349
       0.51143686027       0.59484778595       0.60643154491
       0.55484067198       0.53514480521       0.61994508912
       0.59962570264       0.59105735572       0.59966678549
       0.58243701718       0.58558711149       0.55165257645
       0.58702396685       0.57941159485       0.61937273305
       0.58900387805        0.5593118154       0.61071552843
       0.58622601915       0.59596655177       0.55730243901
       0.58450098315       0.57376880714       0.55896418309
       0.55593286812       0.55975440816       0.51629776554
       0.56305074546       0.56582763233        0.5703519046
       0.55540674807       0.54989089382       0.61729247505
       0.56970845762       0.59041406904       0.58958612981
       0.62643170576       0.50328131939       0.59074165933
       0.55517924459       0.63903245049       0.56836804999
       0.55813319269       0.57485082893       0.57182955448
       0.59957545403       0.60878978963       0.61218379585
       0.55557110999       0.54250631923       0.59999120148
       0.54280818659       0.57688144282       0.56953316676
       0.60143399465       0.58851769985       0.54514117141
       0.57739159676       0.60198263537       0.52507042442
       0.52518419353       0.56158804799       0.60452819464
       0.61390386189       0.59008579129       0.56597633039
       0.57726026289       0.58178186804       0.59711458132
       0.62785503859       0.56928486392       0.53337822004
       0.57254590731        0.5660782751       0.51410368298
        0.6097733623       0.54416532232        0.6104239082
       0.60359806223        0.6014677203       0.61007206827
       0.61307001308       0.61866921577       0.56857634261
       0.56540008359       0.58231955273       0.57164556573
       0.60023657432       0.61734151431       0.53658276951
       0.59569143313       0.55830133551       0.60976991538
       0.57964429318       0.60181396191       0.58619773704
       0.59892507925       0.56179599663       0.56697939204
       0.56693087678       0.57665296503       0.60159148968
       0.58645055231        0.5571213484       0.55514036449
       0.59083024644       0.63731657246       0.56411478846
       0.58619954485       0.56649815584       0.57090202843
       0.58510142152       0.57806617647       0.59296637375
       0.57878434673       0.54553835573       0.55459193455
       0.62212135508       0.57271626727       0.61365234221
       0.57538988737       0.55341443934       0.60484862245
       0.57532071107       0.54453954741        0.5784411118
       0.61645337225        0.5431040898       0.61238772673
       0.60552251068       0.57078649828       0.54862098456
       0.59648942835       0.61498095359       0.55501729607
       0.55741376798       0.57041329058       0.61835462623
       0.58732669434       0.58288771045       0.60597249822
       0.55269967467       0.60292884425       0.55815149006
       0.54652561554       0.59680361367       0.55845844118
       0.55458775031       0.55165579572       0.58969871316
       0.57721370008        0.5894676815       0.60319305432
       0.58940116144       0.52180220664       0.57092066657
        0.5631366936       0.58158746513       0.53513256247
       0.59369723546       0.60085959149       0.56604847338
       0.56689689707       0.56585806006       0.55147004076
       0.59184320694       0.60670766482       0.53188490141
       0.60418504823       0.57363801325       0.56609094027
       0.57938718068       0.55399114635       0.55174424592
        0.5503693022       0.59998801917       0.56529349619
       0.53566493791        0.5648388882       0.57395185868
       0.55364635316       0.55831697349       0.57553833688
       0.57670905244       0.59251656674        0.5889167348
        0.6150225619        0.5644956038       0.60080263817
       0.62272085557       0.57640893583       0.55269894635
       0.56977874561       0.57225395721       0.57494622768
        0.6008593139       0.57979874994       0.54979574436
       0.52897147103       0.62358753153       0.56064783688
       0.58958521512       0.58412253779       0.59064982425
       0.61974409987       0.56589668758       0.53977255611
       0.57720157213       0.60809004754       0.54593883305
       0.58626172911       0.56398546048       0.63002224532
       0.52689523443       0.56564490267       0.59768402247
       0.54950011444       0.58697300673       0.54075244117
       0.57229538694       0.59909570839       0.53196308256
       0.58003136136       0.53637378406       0.62965672934
       0.52729710715       0.63915379862       0.56554008369
         0.566052885       0.60022196167       0.62231453352
        0.5600834651       0.60319107874       0.60185346231
       0.54934810543       0.58218637354       0.55253755086
       0.55076317799         0.544191795       0.59092786334
       0.57316560049       0.58519569137       0.56637763302
       0.59773866657       0.57280797196       0.58851315165
       0.49811434235       0.56839831003       0.59393358692
       0.59304145177       0.58909219429       0.56431338247
       0.57426274333       0.60036781315       0.59102881988
        0.5986995367       0.54001099808       0.60671851929
       0.55582501094       0.50437013017       0.63315567914
       0.54858481783       0.64531904304       0.52907465627
        0.5449495978       0.58130004796       0.59184145646
       0.57391613057       0.51336182794        0.6239623036
       0.61922976168       0.59650475009       0.61509222885
       0.52486062274       0.56503462783       0.62165964718
       0.60772614022       0.56720951802       0.55773378949
       0.56677440371       0.55679257442       0.55340489121
        0.5777792593       0.55274415154       0.53952484401
       0.64930587595       0.58628227541       0.52415841241
       0.58638284972       0.55828729948       0.60262115589
       0.60376016211       0.60381719279       0.58469286755
       0.59169818264       0.58125757025       0.54087930374
       0.54271239458       0.56040634844       0.57831548272
       0.57408109599       0.54181312456       0.60966788243
       0.53663987506       0.59686696668       0.56516038058
       0.56313146999       0.58707219774       0.53925222506
       0.60617370733        0.5701327733       0.57278366942
       0.51755908546       0.57495270326       0.58965750711
       0.61553564758         0.542530561       0.54203113389
        0.5745891562       0.59806864116       0.58559354029
       0.57812164668       0.57906233514       0.58327886615
       0.53516748617       0.55876845186       0.56099394937
       0.59137771403       0.55878154854       0.60305477599
       0.54580272697       0.60955279225       0.57819253333
       0.60468747685        0.5741500888       0.55004501996
       0.58797273008       0.58501899416       0.60406145233
       0.54575747466       0.61049475835       0.59089040982
       0.57801309164       0.57849588092       0.57611261597
       0.57990566473        0.5972627064        0.5884553237
         0.582166027        0.5337840874       0.63027032938
       0.59805649581        0.5891999036       0.54642270486
       0.58958006187        0.5958143926       0.54972641717
       0.60720804567       0.55768220739       0.53403025846
       0.56725919868       0.57577744936       0.55368101555
       0.52207987895        0.5823014041       0.59694778134
       0.58987111604       0.61515799761       0.58018483299
       0.60168844487       0.61863208118       0.56339383608
       0.61322247961       0.59712866878       0.54888387565
       0.55385849444       0.60291540231       0.57128867397
       0.58406648909       0.56492510096       0.55876821158
       0.57274333196       0.59235599641       0.60788882183
        0.5584797832       0.57570215512       0.56945210025
       0.57947041775        0.6142165967       0.59228257854
       0.56367633915       0.58815211941        0.5954931081
       0.57741421004       0.60992251298       0.53716766528
       0.55414003523        0.5783314901       0.54429804224
       0.55780172814       0.54967324012       0.63710946781
       0.58845343759       0.57457397365       0.56752579606
       0.55690744394       0.53993121727       0.52821998304
       0.54616858855       0.56054014202       0.55127225203
       0.56509681834       0.56741207373       0.57412338846
       0.61547782273       0.51249387266       0.60834915242
       0.55585699471       0.62022159785       0.58490404748
       0.59169609838       0.56916051732       0.58180671936
       0.55905110791       0.59510116702       0.56660981811
       0.57303434795       0.56957889197       0.59296399342
       0.61595004668       0.53204786329       0.57212182136
       0.54150239571       0.62887349329       0.62055048978
       0.60697520015       0.55580029727       0.61512916859
       0.55981927224       0.57332345786       0.54657782003
       0.60236892812       0.58179756376       0.52486610095
       0.58586507758       0.57582408946       0.54429006769
       0.59955972982       0.52846073221       0.62182397757
       0.53400706473       0.56006540888       0.61005131227
       0.57509172656       0.56851829105       0.59302567936
       0.57142980365       0.56686119887       0.61235075533
       0.56094487301       0.59327491954       0.54920725939
       0.57647591697       0.57239660776       0.59706166237
       0.59446835553       0.55450224825       0.60001259284
        0.5354693325       0.55069835961       0.63651077293
       0.58935437212       0.58574889084       0.58550552771
       0.54282066861       0.53960218231       0.60966008901
       0.58286789657        0.6032315218        0.5598872084
       0.61603124755        0.5815946787       0.57983410959
       0.58448530754       0.55626042622       0.57139949004
       0.59905750499       0.59736084762       0.57790528426
       0.58139706862       0.57745400342       0.58332225486
       0.59509223658       0.56175238975       0.58524264059
       0.60990761319       0.57679317389       0.57534853553
        0.5498153431       0.57018847351       0.59970159648
       0.57013067466       0.58893147569       0.57949972573
       0.54242341741       0.54857348138       0.58263788311
       0.55336515913       0.60227238313       0.56134373287
       0.58744937259       0.63738979716       0.61170664005
       0.60360207837        0.6077960734       0.54937706692
       0.58933636659        0.5927250106       0.58067183561
       0.61433399246       0.60163389272       0.55965053042
       0.63083976528       0.59177373033       0.59571298196
       0.55769465627       0.59497379069       0.63371018165
        0.5994791094       0.61039953906       0.53670102391
        0.5874589343       0.58591542546       0.54248938492
       0.57568845447       0.57784889526       0.62382735726
       0.61017751353       0.51110406605       0.55446511259
       0.57411301261       0.57362220415       0.57759651741
       0.59410024347       0.56001988443        0.6209420206
       0.57308685187       0.53519215273       0.50700022398
       0.53021427346       0.54091244658       0.59377456408
       0.58433787166        0.6024843762       0.59712080493
       0.57066332501       0.58014733625       0.55251892213
        0.6165575232       0.54390282866       0.58414340308
       0.55439651801       0.52323623525       0.61865397481
        0.5634030716       0.55882266977       0.58065068185
       0.59614442795       0.58381648618       0.59103191838
       0.56459649099       0.56645986257        0.5952136017
       0.61216997631       0.58079679916       0.56180084446
       0.53817420544        0.5774507119       0.60518009668
       0.53003453133       0.61357535072       0.57789191323
        0.5932258485       0.55190822177       0.58534243933
       0.65747088162       0.54232234244        0.5881827629
       0.55642865346       0.57428388506       0.60798615159
        0.5006936795       0.63949347189       0.60573610697
       0.60474192388        0.5462623207       0.57121266352
       0.58463427875       0.55928097175        0.5656071957
       0.55021178432        0.6022374244       0.60574681404
       0.57669084305       0.55846404703       0.56434901493
       0.52243192133       0.59493874714       0.57327273796
       0.56200924368       0.56446046428       0.58133560259
       0.57768372915       0.55563712031       0.58069539007
       0.56164986258       0.59716989338       0.58870033978
       0.57680303342       0.59190714927       0.54250294698
       0.58232704772       0.55170685162       0.57254745636
       0.61495504138       0.53100689753       0.56327778564
       0.56360286401       0.66209810215       0.60750308943
       0.54949551604       0.59560059239       0.54399651383
       0.57152960112       0.63682551464       0.61030383557
       0.56142476625       0.61812218432       0.56990992899
       0.58484628681       0.57840492054       0.58604447566
       0.49737897412       0.62014074427       0.59224678793
       0.57325340242       0.60289271274       0.55535764086
       0.57178120556       0.56282731794       0.55706429131
       0.57017140949       0.61033372392       0.60573766482
       0.52357204321       0.54544639469       0.59556250654
       0.57492740289       0.57190905017       0.55881493947
       0.58166464589       0.55767009181       0.55243149934
       0.56990395972       0.52024487537       0.57114262374
       0.58163360202       0.58681943765       0.55358951156
       0.59220408284       0.57718759955       0.57504856053
       0.59455227023       0.62959878982       0.57716570503
       0.56077810845        0.5704789399       0.53347201537
       0.61131059027       0.61925249628       0.59229735197
       0.56144344236       0.57159373017       0.56673785737
       0.57591760728       0.59880359254       0.62620775237
        0.5869473824       0.55640638867       0.60301744702
        0.6583401054       0.53974189367       0.56218142509
       0.60693068637       0.58797363623       0.56626373351
       0.55817614526       0.53524190397       0.59720299254
       0.59134020554       0.57785716266       0.60257767725
       0.58587982318       0.60720519049       0.59904237494
       0.58397633741       0.56346614965       0.54674460515
       0.57498261729       0.58248717142        0.6004969807
       0.55997759902        0.5301649628       0.60250324151
       0.59427493015       0.57945149174       0.61214441878
       0.55733873365       0.61643468243       0.58872336151
       0.54803116165       0.56776525892       0.56235541236
       0.58415614124       0.52877623173       0.58922571384
       0.57079129268       0.57432164742        0.5907404069
       0.60187715805       0.59877702159       0.59605871625
       0.56739599786       0.58322088671       0.58735659653
       0.58388266265       0.61345974213       0.55928618139
       0.60299342604       0.60116389389       0.55734074653
       0.58160645439       0.60297939189       0.55939641526
        0.5407056296       0.56609799112       0.61153372044
       0.57105729617       0.56485173686       0.60670459402
       0.59898996081        0.5580360563       0.62760368512
       0.58554370477       0.58372404007       0.54186580593
       0.61473987239       0.57320668953       0.56344817396
       0.59735614699        0.5482666782       0.56582480336
       0.58857934197       0.59255761471       0.58203926021
       0.63557189397       0.52360887568        0.5784943595
       0.54040009533       0.57685596447       0.54947715898
       0.56079814454       0.53712137904        0.6168260149
       0.60701151656       0.58463264771       0.57418760253
       0.61419959781       0.54845035065       0.54370509013
       0.56611481372        0.5515258104       0.56507213747
       0.58696721927       0.58557025562       0.58514464784
       0.55684077117        0.6093512579       0.62065610543
         0.545801007       0.59865354593       0.57204827041
       0.58653218038       0.62336843954       0.58870230984
        0.5687326713       0.59458073771       0.59077590036
       0.59462742292       0.56974045994       0.59290487103
       0.54543701728       0.59890936183       0.57080164709
       0.64284446176       0.57727590335       0.56486241093
       0.58773692378       0.57858336413       0.53817499169
       0.61373770614       0.60343063926       0.60020530737
        0.6026161784       0.55899604474       0.59818915221
       0.59186216642       0.58606991616        0.6072291257
       0.56194192944       0.57879143939       0.57845215796
         0.585590787       0.55504891877       0.57013894757
       0.56566306716       0.52256950165        0.5841082001
       0.57023619594       0.56855251487       0.57460348837
       0.57671485644       0.55421331699       0.59341589107
       0.57869827895       0.59311447571       0.60089107204
       0.57108893285       0.56173578546       0.60664889132
       0.55552848824       0.61755766239       0.60074879094
       0.58250704896         0.541703496       0.61903017461
       0.62845179029       0.54917693839       0.59378072746
       0.59059008592       0.58824654695       0.56517083454
       0.60113370698       0.55940977158       0.55877403439
       0.54114634909       0.59087651648        0.5655111843
       0.55651735826       0.59097713112       0.57956663092
       0.55718715863       0.58794117136       0.60491568041
       0.62188380476       0.59081276349       0.56834673068
       0.59496398493       0.55512367363       0.56311147772
       0.55863374232       0.58500971737       0.56427412491
       0.54957566759       0.59867245238        0.5487098176
       0.59906291519       0.58050325128       0.57305580135
       0.55429733372       0.55888764408       0.55656966538
       0.58622891332       0.54551285446       0.56416884654
       0.57019705822       0.56271708319       0.58589930329
       0.60162350437       0.58920921487       0.51681358804
       0.59196911502        0.5964112962       0.55534938173
       0.58109479798       0.60898524556        0.6322069713
       0.56025282627       0.56679872896       0.54854676626
       0.53921010035       0.55767025514       0.58747545403
       0.62998250248       0.58082988151       0.56907307961
       0.55882968144       0.58311063004       0.60523217239
        0.5524357885        0.6131041578       0.59087713262
       0.56426557307       0.59670776103        0.5627793725
       0.56491586275       0.53435920356       0.54063613075
       0.52623482296       0.57410457705       0.55895548265
       0.60926165071       0.54757017238       0.55736212472
       0.59548576642       0.57482377788       0.57640504349
       0.56999498193       0.59778565813       0.59950305698
       0.56624927901       0.63554211988       0.58290671779
        0.5774131503       0.62016396582       0.59788860786
       0.60050393322       0.62506318317       0.59743482584
        0.5829833638       0.57042387754        0.6007941157
       0.50866470757       0.54166675507       0.57797308472
       0.57524145795       0.61715573227       0.55227508495
       0.57966507889       0.57619933377       0.56312343307
       0.57927333233       0.58230279123       0.57676845115
       0.57862803653       0.55440508793       0.58105505487
       0.61369197488       0.60880754769       0.55469455992
       0.56937591087       0.60029544924       0.59197433715
       0.56105678216       0.58936375484       0.58980544426
        0.5822826347       0.58881934212       0.57546000813
       0.59414540719       0.54023923679       0.61747646118
       0.55257233194        0.5909876387       0.59491475742
       0.56503194189       0.56724441329       0.53809152751
       0.59944356048       0.54536321213       0.57213075718
        0.5509465582       0.54932904836       0.61607139057
       0.56132354865         0.593034042       0.56127264411
       0.56659543734       0.58694920554       0.55065808472
        0.6149533147       0.58746940592       0.58693472005
       0.61913433174       0.58425716809       0.52818822148
       0.56713593433       0.55076611046       0.57525139074
       0.52140876901       0.56812192988       0.60184901863
       0.55699500559       0.57387450337       0.56885760904
       0.58551217697       0.61580411999       0.57260722473
       0.56311214803       0.57314560244       0.61229428366
       0.54219447458       0.52118219252       0.58216316241
       0.53754315329       0.58438451875         0.580469867
       0.55521568992       0.61967543929       0.57250075038
       0.61684939796       0.60993468985       0.54218354651
       0.57437220742       0.57201520687       0.58899474099
        0.6158741882       0.59940925412       0.55769176116
       0.61728229271       0.56271015863       0.58268579165
       0.59397495367       0.58642793439        0.5605503739
       0.58328142419       0.57546563018       0.57406644711
       0.56740174728       0.52636657906       0.55051729373
       0.56415262032       0.62415438768       0.55160109409
       0.59089898411       0.57197178267        0.5637914394
        0.5305697186       0.52141013873       0.62287343965
       0.57207387424       0.56957473441       0.55943447786
       0.58187874412       0.58669026177       0.59354972477
       0.55270308671       0.50463651341       0.58994213254
       0.58403776505       0.57527640498       0.55662059996
       0.58503098472       0.55083970712       0.55007210899
       0.60282063764       0.59490515007       0.55244897625
       0.57775731196       0.58981712377       0.58379720415
       0.56789035837       0.57712132898       0.61667174553
       0.58050470293       0.57445180204       0.52254714122
       0.56698779151       0.55023145094       0.57292032551
       0.61827972613       0.57314307405       0.53303983711
       0.55707908362       0.57859135837       0.57550946558
       0.56886999575       0.52302387964       0.61223162212
         0.602373438        0.5442586229       0.59354542633
       0.58109865994       0.61659422152       0.54993060473
       0.59307730227       0.57908118244       0.54093249638
       0.58711574796       0.54948158936       0.58193798306
        0.6016565923       0.60319252818       0.56380711475
       0.62264995036       0.54602550017       0.61036246812
       0.55807853912         0.556162317       0.60288653377
       0.56815611902       0.57413921981       0.56780073437
        0.5946764535       0.57582491792       0.58661975675
       0.58165950105        0.5881141612        0.5721654029
       0.58743443866       0.59502861619       0.57567001313
       0.57550138954       0.53141206568       0.61201106982
       0.59822559055       0.57548567602       0.59730419011
       0.56750533156       0.59672420139       0.55841791021
       0.56415923093       0.57244436985       0.55270425338
       0.57160220922       0.60277112951       0.56359336575
       0.58698460773       0.58019508107       0.51686482541
       0.58154155139       0.60155995859       0.57484006808
       0.52645345346       0.64178879658       0.57925257243
       0.59893076959       0.57534712219       0.58780180997
        0.6084441489       0.52971753431       0.63680764823
       0.60477376919       0.55939882402       0.55840594962
       0.61952536848       0.58608925048       0.58068998868
       0.54400914573       0.55619985385       0.62138981903
       0.63595459858       0.60170674069       0.59307052262
       0.57220330586       0.58388844373       0.60392409058
       0.54719588955        0.5473845743       0.64688670607
       0.57248956839       0.57090761862       0.59975298333
       0.56325087218       0.55593694065       0.55475337374
       0.58171423682       0.56999266028       0.59184947954
       0.57464464314       0.58801462647       0.56150558488
       0.58710069487       0.58640765042       0.54791235309
       0.60060782406       0.62749135616       0.54188493277
       0.63286861867       0.61219745207       0.55089119002
       0.57690011134       0.55813328457       0.53341755719
       0.52800472391       0.59991339242       0.56853169959
       0.64598024654       0.54692464672       0.56565561787
       0.55207995877       0.56130484209       0.57802970352
       0.58960908628       0.56833254886       0.54310292178
       0.60130143402       0.60714231724       0.52971446485
       0.55673177561       0.58072979926       0.58492714375
       0.58950743778       0.54140813567        0.6184977747
       0.59161425792       0.54910153647       0.66185061984
       0.58187492095        0.5770389693       0.58919007258
       0.58774601278       0.58847647014       0.57388039601
       0.57634842207       0.56347036972       0.57295052801
       0.59975005791       0.59074206153       0.58465935329
       0.56196848547       0.53119559499       0.55921842435
       0.58000314102       0.57396103942       0.55058758205
       0.59326533378       0.55676754351       0.57150789386
       0.59044121008       0.56137868595       0.57925545134
       0.55325509483       0.58740116442        0.5751382393
       0.55169224744       0.61035929516       0.57158413143
       0.62125886202       0.59144256561       0.52125136633
        0.5943923856       0.61100230708       0.58755403913
        0.6059443391       0.55869075102       0.57181996118
       0.59558025834       0.59049277767       0.58984332922
       0.57554046059       0.61134592122       0.58533416407
       0.58621433441       0.53777810868       0.56537928686
       0.56613661279       0.60413394959       0.56495987815
       0.56304596968       0.57334219366       0.54828574347
       0.58753786809       0.57518061895       0.56493517678
       0.55370845878       0.53782203959       0.60656447326
       0.54063779856       0.57952115661       0.57595762091
       0.59242476937       0.57265744672       0.55551977657
       0.54581367399       0.62563245823       0.59425263546
       0.61224011166       0.55839488236        0.5499600105
       0.60595769959       0.58091136373       0.59343976902
       0.54704961887       0.61538846294       0.57525386066
        0.5805998284       0.60788547331       0.54254850423
       0.59405230307       0.59034088668       0.57226275484
       0.52004804428       0.59906721409       0.60365240602
       0.56829507915        0.5815652687       0.54018024949
       0.56173360932       0.57149182095       0.57490618037
       0.55016451954       0.57175549634        0.5836936653
       0.56833839137       0.60183522106       0.55066781116
       0.58810207654       0.53641542061       0.60088486195
        0.5848467903       0.61425624914       0.58211122569
       0.53815561684       0.58574532885       0.59384434805
       0.56049976335       0.58605604237       0.57811981118
       0.55847403237       0.60329354972        0.5915141662
       0.57883479631       0.60176546949       0.55632574043
       0.57173814989       0.59410257964       0.57177270857
       0.60560020608       0.56426221776       0.59462202381
       0.56987382328       0.55843211932       0.59855954338
       0.60476420809       0.56266626301       0.60378040065
       0.59697085812       0.59638635851       0.56454226616
       0.60739847673       0.55083994149       0.59179149491
       0.53082267152       0.52637459212       0.62969970939
       0.55650850248       0.56668231746       0.59423136716
        0.5884439191       0.62801158296       0.59466592018
       0.55274114103       0.60174139885       0.55789049988
       0.55937845295       0.59514078478       0.56471826181
        0.5923693454        0.5940700499       0.56103027768
       0.55081690974       0.61001637196       0.59830224672
       0.60932398465       0.56019443145       0.53068614308
       0.55904819277       0.61561042657       0.58954826274
        0.5950275996       0.58946126352       0.57232338252
       0.58128679415       0.57272134926       0.59214111146
       0.56749657311       0.57281680716       0.59738921926
       0.58296145235       0.59470263523       0.58990946113
       0.55182013176       0.56505051355        0.5945508378
       0.63256593508        0.5570654602       0.59388174121
       0.53513494239       0.58092528631        0.5621336909
       0.58979920312       0.58391735656       0.60836966632
       0.65298053696       0.51812827664       0.54996134117
       0.56211882593       0.58289765843        0.5271841872
       0.59380228275        0.5560935353       0.60709681147
       0.59144420096       0.55042057465        0.5802617371
       0.57405482266       0.60353934318       0.56045272971
       0.56392387932       0.60753759245       0.59942961363
       0.62407427908       0.58463922686         0.583920407
          0.55511954       0.58107025725        0.6255345526
        0.6001595376       0.55051937986       0.54244863397
       0.57853584347       0.61303753907       0.57471103725
       0.59997508777       0.58313980299       0.52673318972
       0.58419421157       0.55418295136       0.56151555315
       0.57293110605       0.57562730817       0.54967358909
       0.59160033164       0.59572461018        0.5580996826
       0.58782789175       0.57326650669       0.54122624543
       0.55866261334       0.57150958708       0.59427586138
       0.59901173253       0.58479088933       0.61768133189
       0.59369213814       0.60669254626       0.52140277319
       0.57576474527       0.57684665354        0.6247996488
         0.588173374        0.5853708015         0.567095383
       0.50711126757       0.59360256986        0.6092365825
       0.61516408739       0.56772581544       0.55527691344
       0.57065958598       0.60786078195       0.55761451037
       0.55122800125       0.57770366025       0.60099251352
       0.60278111734       0.56034648947       0.52644885949
       0.58508732036       0.56271932204       0.58419175206
       0.57979460831       0.56753736164       0.58663155838
       0.54624884898       0.55182905354       0.60849978385
       0.55776278372       0.59671316376        0.5590216608
       0.60923645163       0.58220778063       0.58212626131
       0.54256859415       0.62420298797       0.55501947933
       0.54305620458       0.58399684788       0.58375983021
        0.5607012397       0.58127418994       0.57560794865
       0.59270977583       0.56594694149       0.56280822666
       0.53795355285       0.59123383638       0.59704128128
        0.5583404155       0.59788473474       0.57270306453
       0.62766909671       0.55536020165       0.60874085153
       0.54534493042       0.59104031401       0.58151693202
       0.56867958936       0.55121003907       0.54255397881
       0.54717603924       0.55154780748       0.56713252687
       0.57681908872       0.58140981606       0.54555123127
       0.58865862513       0.56903529535       0.57398362273
        0.5931586467       0.57156602071       0.56023452554
       0.56612784856       0.55441563269       0.57866332567
       0.55290573369        0.5738334105       0.63712139607
       0.59254735568        0.6120262488       0.58721552352
       0.54205514122       0.57177839131       0.55304295698
       0.60747951078       0.55332736814       0.57946622356
       0.55028380579       0.59551767901       0.58154038377
       0.61652616713       0.57964095515       0.53311505392
       0.58318287943       0.54494528189       0.56062915861
       0.61648426671       0.56605191647       0.59634310584
       0.57535145994       0.57436417164        0.5783634205
       0.54169429395       0.57675035831       0.57542036921
       0.55035398099       0.55375827582       0.57422275133
       0.60600039513       0.54167722254       0.57678996363
       0.57880312736       0.58369236676       0.59527823128
        0.5636092096       0.62972005311       0.55137856944
        0.6065471203       0.59448879146       0.58852524599
        0.5428262914       0.53183686187       0.55942089725
       0.58012734446       0.57047665233       0.56785219502
       0.60994452202       0.56641677061       0.59257552158
       0.54663187097       0.60923234536       0.59904773674
       0.59168141274       0.58557280902       0.58593717459
       0.59842648262        0.5358896668       0.60028629034
       0.62493075603       0.56209052514       0.57558043074
       0.55233329118       0.61929992587       0.57459442068
       0.58707194583        0.5691585066       0.57388969411
       0.53671823466       0.57962597961       0.61566669836
       0.59758643225       0.56436126991       0.58399182906
       0.61703232395       0.60125240445       0.57174408623
       0.57219057321       0.60114152607       0.62117187537
       0.55301059978       0.58708691679        0.5831394844
       0.55260597666       0.58086420266       0.61263911683
       0.58910578834       0.56076510769       0.55159590153
       0.62075646049       0.55994545011       0.55575159804
       0.61639224343       0.55429068097       0.58593158776
        0.5669025093       0.54728557975       0.57830429394
        0.5779508366       0.57631981794       0.50622872175
       0.59224611607       0.60039442866       0.55960546389
       0.58405639923       0.55115597381       0.63937481569
         0.588129203       0.55580001034       0.61628664862
       0.58183125351       0.59427658902       0.59013542107
       0.57871076385       0.56641249502       0.55062278892
       0.59243478409       0.59400863832       0.55809292083
       0.54514932824       0.58769313906       0.61137545919
       0.59408403418       0.56477052477       0.57858413875
       0.62407641435       0.53398164157       0.56583333187
       0.63463641918       0.57438462928       0.50397365656
       0.58716622012       0.57560598483       0.57405983482
       0.56711741967       0.63895427714        0.5859137885
       0.58969114659       0.55192638814       0.56370693498
       0.58431384214       0.55693148542       0.56214926623
       0.57356705334       0.57117428267       0.56123971473
       0.57143161966       0.60559477216       0.53105479693
       0.62510355512       0.55406548052       0.57889826983
       0.49726683867       0.57394018213       0.55850787853
        0.5693984722        0.6047127219       0.58526224343
       0.53172604735       0.58469294995       0.55460852419
       0.55681131358       0.59817100627       0.57180012458
       0.57248775291       0.57326793489       0.60034153047
       0.60048430188       0.54237603683       0.60274570581
        0.5704558519       0.55771463852       0.59606723543
       0.55830003636        0.5896645337       0.57532175542
       0.56188796553       0.57692126792       0.57920640106
       0.55493118863       0.56874640226       0.59216376453
       0.55844766353       0.56869745374       0.58871057455
       0.54042874039       0.58884100979        0.6013513211
       0.56369977766       0.57801979728       0.61252280097
       0.57118278585       0.57033129634       0.58249680048
        0.6296738593       0.58228521417       0.57915851866
       0.55094026033       0.59603944108       0.59076523154
       0.60171150814        0.5750200374       0.60558088789
       0.58285626351       0.54054273487        0.6003483563
       0.55460949958         0.535649168        0.6145050566
       0.57601488824          0.54401087        0.6124225929
       0.58089827364       0.57522353099       0.56818144876
       0.58973695952       0.54757424653       0.59786742378
       0.56598294443       0.60588170412       0.58824050401
       0.57050720595       0.58851833272       0.50477004943
       0.62032029794       0.60261974745       0.54596862065
       0.58485551293       0.58910577369        0.5957533363
       0.55704386115       0.58820180021        0.5410072302
       0.62844737974       0.53842053834        0.5980373121
       0.57847171241       0.60750015003       0.54455957671
       0.57265571553        0.5967697876       0.57812471459
       0.53126022692       0.57497248985       0.53572944422
       0.57837229032       0.58799618661       0.58087423707
       0.58031531312       0.59297557997       0.59144945529
       0.60917624067       0.57524862091       0.57668667091
       0.51568274396       0.59241531547       0.62849664886
       0.56878792542       0.57835917731       0.59418001647
       0.56702195027       0.58067060831       0.56724862986
       0.57626938578       0.58203785883       0.59927754783
       0.59310497637        0.5962874926       0.54152883701
       0.59348852471       0.55676505107       0.59229819878
       0.53777550346       0.57127402953       0.59388706309
       0.59622073515       0.57262016668       0.57186631221
       0.57403206809        0.5663900411          0.59999281
        0.5850260805       0.58198566033       0.57240869047
       0.54544482232       0.53219272279        0.5914990725
       0.57084994008        0.6111428473       0.56703816776
       0.60210282186       0.57258822936       0.57131827614
       0.56649061393       0.58016120802       0.58688462234
       0.56538059441       0.59597355268       0.59586866884
       0.61044383836       0.56826416238       0.61108002802
       0.58463980308       0.57782123661       0.57330355297
       0.57986145543       0.59513846985       0.54139497857
       0.57743971642       0.59312117457       0.58832908756
       0.54798004285       0.57857308325       0.58682245952
       0.61252754354       0.63548358888       0.55268216469
       0.60085925106       0.57007728098        0.5837795217
       0.59118185254       0.56311949233       0.55158733383
       0.56684846918       0.53654392652       0.60614473226
       0.60420859698       0.59008798315       0.56796823296
       0.59822254388       0.53560313704       0.56191577735
       0.56871089918       0.54538983047       0.57231394812
       0.61121233627       0.56035414106        0.5643323927
        0.5826808145       0.58199504614       0.59301433297
       0.62957149109        0.5773981786       0.54475767053
       0.58849975723       0.59609723421       0.58562999395
       0.62424670514       0.54111468162        0.6074987383
       0.58296284997       0.55218354023       0.54400852724
       0.57850244643       0.55720177746       0.61008789854
       0.55609120377        0.5882534543       0.56184746044
       0.59235489305       0.59692346456       0.55365219231
       0.60349338245       0.60287292224       0.54014376854
       0.58410118266        0.6055603709       0.57646520768
       0.60135452289       0.58297558632       0.54374916588
       0.58228413649        0.5651741067       0.55389165927
       0.60448387874       0.56608485338       0.56118065471
       0.60432954666       0.51564973204       0.58453689797
       0.59663307224       0.54822180013       0.62135611738
       0.55495499318       0.59101079593        0.6027619989
       0.57502219391       0.57434006006       0.60525977445
       0.56129782068       0.58197722201       0.59349119848
       0.58051244587       0.54773118692       0.58767482885
       0.57012347601       0.57319847045       0.53844887994
        0.5769932537       0.60898160776         0.582371853
       0.59712732917       0.52725535137       0.53157016192
       0.61831865233       0.58127387269       0.54251817886
       0.55297004717       0.57978177343       0.60195293723
       0.57678415231       0.52834585167       0.57453896022
       0.61001158388       0.57574781372         0.544569325
       0.60683436775       0.58090588431       0.56635116275
       0.56741340426       0.56475689853       0.57050223122
       0.58208744332       0.56960633863       0.57005587054
        0.5675350576       0.55873936704       0.62722161815
       0.56906228926       0.57240515201       0.56084696287
       0.60534010377       0.54861989525       0.56923688905
       0.60176299036       0.54500940852       0.58907250616
       0.58596176365       0.58291328592       0.60414310997
       0.54975264689       0.60190248315       0.58112291562
        0.5893111208       0.63078716853       0.59064964184
       0.63578988158       0.53338365228       0.55659753904
       0.59286405487       0.58732972199       0.55771395228
       0.58194463743       0.61612660577       0.58225589034
       0.59613303598       0.60114694158       0.58099369948
        0.5935222396       0.57594828282       0.55055023487
       0.56539585895       0.55947981505       0.55854611245
       0.57168936544       0.62716547696       0.57156953168
       0.59127273832       0.53628155659       0.53653591782
       0.56711204771       0.58818968732       0.59597964394
       0.55986242214       0.63715394307       0.54876643969
       0.58854375347        0.5462382313        0.5562011612
       0.54712377802       0.62588391515       0.59362435193
       0.63584077852       0.55592879908       0.54998615049
       0.61283094981       0.58869656332        0.5613326599
       0.58963244824        0.6500298699       0.58920182077
        0.5963583513       0.52634627956       0.59458573536
       0.54198912304       0.59280484793       0.55341609229
        0.5748658423       0.55975576054       0.59372851914
       0.55063775989       0.59588306037       0.58145920515
       0.60894176235       0.60213281802       0.59202228824
       0.54923073998       0.59280416216       0.56138629319
        0.5982189868       0.56934564042       0.59669227287
       0.53213935324       0.50859874416       0.66098812248
       0.57111575256       0.56978873109       0.61110524054
       0.57256235096       0.58236486727       0.58280295929
       0.55666213152        0.5522974642        0.5430006023
        0.5617076291       0.56814972067       0.53885284754
       0.63218181941       0.60715646511       0.57769117205
       0.56037700269       0.59928492815       0.54893323483
       0.57891170337       0.59610248323       0.55663451904
       0.62476328298       0.57321279335       0.54369657613
       0.62009323336       0.56834084092       0.55457710407
        0.5583666975       0.57569379745       0.57228806663
       0.55859896876       0.57861672703       0.56920307777
       0.56486157723       0.59457259876       0.59783019751
       0.51632342717       0.57725237269       0.58806673881
       0.56492593924       0.57648345672       0.60548742197
       0.56379095857       0.59161670082       0.58594217634
       0.54427645018       0.59949864556       0.53983186152
       0.60718112024       0.59220709349       0.57140544748
        0.5882186011       0.58244134439       0.61502812104
       0.51529768986       0.66014937274       0.61184789985
       0.60725595784       0.51614087314        0.5492255081
       0.58488772071       0.57813789743       0.57237614179
        0.6302326751        0.5532622342       0.57232042115
       0.56447191156       0.56917963576       0.59114870755
       0.57078082414       0.57852631235       0.56305323057
       0.56439389858       0.62294637628       0.56638227578
       0.57164214999       0.62793475661       0.58806041237
       0.58021147861       0.56770350032       0.56423318307
       0.60119665181       0.53206871635       0.56462480664
       0.58093188099       0.50747282608       0.54492421228
       0.56792848763       0.57887165257       0.57519429023
       0.63318250927       0.52695154788       0.54438900148
       0.50123998814       0.59657016881       0.58133029812
       0.61433361977       0.58406934897       0.56324174345
       0.59909371413       0.57003782273       0.56613108134
       0.57599551843        0.5974601707       0.56647863406
       0.57038608904       0.60277013638       0.59421384697
       0.54245327875        0.5523505108       0.60714995505
       0.57869777626       0.58159342627       0.61351436083
       0.54919697481       0.57376477553         0.634671497
       0.57192639682       0.60695655394       0.57346420664
       0.57115680724       0.58105843922       0.66931774688
       0.59499717127       0.56924130725       0.52334496438
         0.636910676       0.54833534429       0.55027142035
       0.58260143616       0.59508946527       0.54702275776
       0.61537848929       0.54935670593       0.53489446241
       0.57754151695       0.60174942105       0.57021467204
       0.60262262374       0.62067676747       0.52840711639
       0.63742434515       0.61785879936       0.58335005708
       0.58252292978       0.62566119719        0.5750097465
       0.57918304736       0.56759420029       0.60664439138
       0.56748551842       0.60688713125       0.57089819188
        0.6313427291        0.5775786629       0.57493723761
       0.60023147485       0.58084230203       0.54258788815
       0.54691419304       0.54984641527       0.60367761498
       0.57662238109       0.54528320939       0.59095025018
       0.57398221422       0.55108678205       0.56072318462
       0.57169823862       0.54017126299       0.56832367857
       0.57322645529       0.57767525333       0.54571531218
       0.59573414709       0.58589177684          0.56902444
       0.54176958436       0.56634853192       0.57995910546
       0.61198897132       0.56294370417       0.53972528615
       0.56278513832       0.56156827592       0.58064555831
       0.60674936925        0.5687223917       0.56694807912
       0.57157337637       0.59159384584        0.6004003279
       0.58837680649       0.58226757979       0.62745335204
       0.58287627486       0.60282710105       0.55134676768
       0.55131195629        0.6065942569       0.57687126195
        0.5748782608       0.56649798277       0.59013889212
       0.57045636789       0.55170065981       0.60402789632
       0.59846985513       0.57875420626       0.59845179623
        0.5903501218       0.56368291393       0.58469381813
        0.5492503652       0.60905845796       0.54870366726
       0.55670926033       0.57740499777        0.5691905559
       0.61566452679        0.5584092675       0.57615383076
       0.57814154713       0.57306988927       0.58608435272
       0.60198120294       0.59913491992        0.5843137303
       0.58281067131       0.56608515758       0.60127241378
       0.60774693037       0.57580802314        0.5474821305
       0.63069602937       0.63323341877       0.55060353048
       0.52609455918       0.61263143479       0.57423939078
       0.56703047032        0.5378188671       0.58370576811
       0.59241494701       0.58759157693       0.54793898325
       0.58302962618       0.57237345988       0.58122211792
       0.55428428631       0.61992393402       0.59561307145
        0.5451800925       0.56620351616       0.58860485291
       0.52606541177       0.55682830421        0.5532193725
       0.61425555167       0.57531196761       0.54157229461
       0.57205798428       0.60696453609       0.55987246179
       0.58019905964       0.57878561268       0.60185816953
        0.6044107234       0.56101524549       0.59646140299
       0.59527231538       0.54730956175        0.5497448282
       0.61177326173        0.5483527023       0.60529111237
       0.54376072124       0.61815784548        0.5995994699
       0.56496283455        0.5546274832       0.58581783404
       0.60237627396       0.55913874147       0.56484460852
         0.607415932       0.62231973703        0.5599171676
       0.56356963964       0.57179042408       0.59978243998
       0.55467261923       0.54445651487       0.54784502197
       0.62269046305       0.58253806252       0.61406378712
       0.51153538299       0.57501029657       0.58348438472
       0.56911035105       0.61073058905        0.5528058805
       0.60983321704       0.56773357989       0.57141948708
       0.62844496305       0.58799003936       0.61427837661
       0.57952884813        0.5539235318       0.58208112683
       0.57667100255       0.57756614324       0.61268714447
        0.5529205752       0.63025932865        0.5124181662
       0.56457466974       0.60402361617       0.58535487605
       0.58119047311       0.62494400501        0.5509790019
       0.57665673638       0.54832755296       0.58483614305
       0.57788732443       0.57600917331       0.52712748465
       0.58497025387       0.59055689334       0.55596498174
       0.58684152224       0.57203362106       0.58194761534
       0.53634953866       0.57127786904       0.58244699655
       0.59578708587       0.55645808685       0.56539673755
        0.5853197624       0.56475076459       0.57823143689
       0.60446982913       0.57693621966       0.55353517885
       0.61131276816       0.57046225825       0.59537898303
       0.54562786452       0.61299642369       0.58673128991
       0.56290023232       0.58202912277       0.59291455647
       0.56601966029           0.5894122       0.59906183844
       0.60166077264       0.56831864637       0.63270767746
        0.5719066525       0.56155610348       0.59499915013
        0.5118710217       0.56879417463       0.61013317121
       0.55520073045       0.54147688228       0.51173777752
       0.63389321673       0.59292713837       0.57212400455
       0.50763765653       0.60525252149        0.5520426095
       0.58742027338       0.55187790709       0.57751615582
       0.54994760827       0.61360284873       0.55323041645
       0.57701318937       0.57566314893       0.60101830158
       0.56823241365       0.59986727475       0.58670519697
       0.58749227058       0.58223688703       0.58486127969
       0.57949390977       0.57739563381       0.60181621198
       0.58587469541       0.54172874213       0.57069943978
       0.61040101834       0.57005150845        0.5600936828
       0.59084750128       0.55813288587       0.61222177342
        0.5503530087       0.63249137708        0.6084940757
       0.56889031426       0.57965648115       0.62531675566
       0.53526339124       0.56542999264       0.56845694863
       0.57180270224       0.59932778655       0.53644774353
       0.59293440127       0.60841989725       0.56021823144
       0.57917902846        0.5349013867       0.59078898877
       0.63412777019       0.55370944775       0.59844857218
       0.57547055645       0.56068995608       0.60523064365
       0.56958385581       0.59012445866       0.56171724605
       0.63535804214       0.57159093064       0.57342993322
       0.57292978478       0.58654087505       0.54689257638
       0.59940694652       0.54245816381       0.60256232714
       0.60426065985       0.55425900819       0.54108418836
       0.58686311793       0.55196112352       0.53813945433
       0.59528565563       0.58334104497       0.55200451747
       0.58205556729       0.55083149397         0.562862679
       0.57799028834       0.61838866314       0.56955170246
       0.57391497667       0.53751708005       0.58211929273
       0.58999486768       0.55316729364        0.5657714369
       0.56385347559       0.63352255288       0.55220534905
       0.50618764461       0.54541692238       0.57748903138
       0.62377292233       0.60503204426       0.55683466613
       0.62022749507       0.55190446291       0.58582328288
       0.55464707562       0.55396680907        0.5830997579
       0.59517291964       0.54155380353       0.54497089459
       0.58240540302       0.53882861827       0.57236065759
       0.55596349776        0.5664211872       0.59881501005
       0.53427972259       0.59570324302       0.60997842692
       0.57967791794       0.55068308478       0.56195045936
        0.6092938257       0.58730697267       0.55871105602
       0.53484121895       0.57756251733       0.60088703842
       0.59267487074       0.56372028108       0.59269346889
        0.6315782605       0.60496220014       0.55831478425
       0.57667910555        0.5795876188       0.55411354769
       0.54345585029       0.56657102082       0.61766623484
       0.56413944413       0.57174900248       0.59597499701
        0.5702068592       0.57264514094       0.55035050625
       0.56720968874       0.49653214605       0.58628315031
       0.57605785855       0.57517671297        0.5833381963
       0.56378204916       0.62188606807       0.56670885648
       0.55842244147       0.53888213138       0.58061687609
       0.56251502532       0.58834297042       0.59429333022
       0.59804284416       0.52925855214       0.62772242741
       0.58279721935       0.60344494878       0.57406476821
       0.53366702676       0.57301241822       0.57521727842
       0.59637430282       0.51687681785       0.61430891544
       0.61103627173       0.51610400356       0.54834488536
       0.54321922837       0.58023191676       0.57609314843
        0.5836046811       0.63879642602       0.58079071106
       0.57442902806       0.61161016254       0.58359472385
          0.56852675       0.53559932602       0.57824464917
       0.57167871469       0.62153346272       0.60014567114
       0.50916632023       0.56713978816       0.59012154756
       0.60322162726       0.54309299397       0.54680219228
       0.53836391161       0.54772308675       0.65910625726
        0.5570779935       0.61014197866       0.55181540619
       0.59585867005       0.55848737639       0.56772987588
       0.56070026733       0.59319757028       0.58437852656
         0.556945581       0.59675476926       0.58794310775
       0.60060868202       0.56608631081       0.59078573462
       0.56646409514       0.59293291998       0.59892226621
       0.59182793224       0.57607814958       0.55483073066
        0.5735784771       0.55888710786       0.57990022066
       0.60786137665       0.56009281461       0.56834201754
        0.5634324146       0.55861384603       0.57671650523
       0.56344217021       0.59013442129       0.55808113365
       0.57163638142       0.58062638563       0.58477520545
       0.55492025854       0.56290593617       0.60440165295
       0.60123161336       0.56011704751        0.6182342539
       0.61656922891       0.56584091229       0.55662803627
       0.55891646188       0.59009681937       0.58631700016
       0.61962373849       0.57829416025       0.55495819323
       0.55360594022       0.57173451699       0.54778226621
       0.58677524629       0.60603106631       0.54193347438
       0.59519582113       0.55199743577       0.58937166688
       0.59195306436       0.57724590813       0.60680971571
       0.55087371244       0.60069998787       0.54320753448
       0.61936161927       0.54747253102       0.59183891623
       0.55941027836       0.54026583765       0.55754146801
       0.59691934921       0.53972827677       0.55862438346
       0.57355557507       0.58576842572       0.55999180067
       0.58238719463       0.57535440929       0.59605823871
       0.62920442721       0.60715630367       0.57351460655
       0.57628419045       0.63965543406       0.57538115876
       0.57002057716        0.5578236371       0.59162170774
        0.6028185062       0.58663423437       0.57401460133
       0.58693899261       0.57633826856       0.61626581271
       0.60632482705       0.59106251515       0.60044995459
       0.52798360739       0.65854348339       0.55090755281
       0.55655510253       0.60301583177       0.55932541469
       0.59198560915       0.55140327356       0.60653766015
        0.6132422687       0.53404996386       0.58218421286
       0.60724864997       0.57246105285       0.56641956107
       0.57467325506       0.52722412824       0.55578527086
       0.57878026425       0.58729966768       0.59444713966
       0.58112996728       0.54424376815       0.62398807008
       0.57711797205       0.57125146384       0.54148673576
       0.52865368078       0.58174884161       0.57317943865
       0.57894318836       0.58835320915       0.54304366476
       0.56758983995        0.5909881354         0.590614152
       0.60094331847       0.57279427736       0.60194941718
       0.56498505874       0.60301834283       0.57918347665
       0.61170827257       0.58070669056       0.55024581706
       0.58184369957       0.58615195691       0.56415042677
       0.58806601486       0.57084012162        0.5728592969
       0.56384944432        0.6171609544        0.5404742401
       0.59247135934       0.60990745296        0.5832201928
       0.58021486618       0.58222688173       0.54377994352
        0.5604084079       0.56223463427       0.58716472874
       0.61879484579       0.56785478559       0.53196621398
       0.56310456761       0.56728444293       0.58117724389
       0.58423851228       0.55812245995       0.57528768215
       0.60032964436       0.56822645439        0.5459646767
       0.60302687289       0.57441160284       0.58286360606
       0.55194237119       0.61238948453       0.55037726842
       0.58895129979       0.58056741978       0.53815639825
       0.58004565388       0.64048553873       0.55304046716
       0.54831744811       0.61407830641         0.567301883
       0.58992475746       0.55525052389       0.55082731396
       0.61512629627        0.5529635849       0.53718919234
       0.53646892068        0.5677320172        0.5574405401
       0.55786732968       0.62418709942       0.58191465269
        0.5794505382       0.57818516329       0.57957011554
       0.56120374204       0.52815955021       0.57231542336
       0.51249146773       0.60055206053       0.58904996191
         0.577380789       0.55922843712       0.61893976699
       0.56421466564       0.57281619351       0.62853441505
       0.58595720631       0.54066714149       0.56378177419
       0.60352106886       0.56760007284       0.55168673609
       0.53745707966       0.54256951812       0.60819569847
       0.53723077915       0.60561618053       0.61793242995
       0.58726896317       0.54194570522       0.53817743479
       0.56774553194       0.57930818069       0.56730332612
        0.5994778378       0.55111803663       0.53116477977
       0.56001516041       0.57268466721       0.59442767494
       0.56946268862       0.53798028666       0.57037227017
       0.62101410101       0.57913900132        0.5499107276
       0.57056650619       0.60583288579       0.58570644129
       0.56230363481       0.57936168661       0.56618918647
       0.52640609713       0.63173010881        0.5264940671
       0.59465764996       0.54712248197       0.57190555707
       0.60313080144       0.56020607298       0.61638857128
        0.5731849611       0.54912331767       0.62911458968
       0.60817279349       0.55583047672       0.54144847986
       0.60887714628       0.53490420149       0.55016659056
