0.8051419 0.5930823
0.8051419 0.5930823
0.7081302 0.7060819
0.5678353 0.8231422
0.6426849 0.7661306
0.6033874 0.7974482
0.4372323 0.8993486
0.7305844 0.6828225
0.8143316 0.5804
0.7276213 0.685979
0.594273 0.8042634
0.7202022 0.6937642
0.6033118 0.7975054
0.7274457 0.6861653
0.8051319 0.5930958
0.60165 0.7987598
0.79282 0.6094558
0.7802074 0.6255209
0.7096952 0.7045089
0.5302225 0.8478586
0.8864167 0.4628882
0.4305588 0.9025625
0.5774793 0.8164053
0.6125603 0.7904238
0.6422778 0.7664719
0.5897589 0.8075793
0.7031433 0.7110482
0.8784188 0.4778916
0.3550256 0.9348566
0.2009233 0.979607
0.2014665 0.9794954
0.4618644 0.8869505
0.5434408 0.8394475
0.7083022 0.7059093
0.9709361 0.2393389
0.4983533 0.8669741
0.6082096 0.7937765
0.7053273 0.7088818
0.7507411 0.6605965
0.5061584 0.8624406
0.8663764 0.4993916
0.6297238 0.7768191
0.6654248 0.7464649
0.6145956 0.7888424
0.6378275 0.7701792
0.8022161 0.5970338
0.8104091 0.5858645
0.8570446 0.5152422
0.8617364 0.5073562
0.5213587 0.8533376
0.7362807 0.6766762
0.6718783 0.7406615
0.9162989 0.4004951
0.6707195 0.7417111
0.4343758 0.9007317
0.6190989 0.785313
0.6243298 0.7811609
0.4538869 0.8910593
0.7885925 0.6149162
0.5912739 0.8064708
0.6312756 0.7755585
0.7015303 0.7126397
0.854982 0.5186577
0.654698 0.7558905
0.8394238 0.5434774
0.7902366 0.6128018
0.5857496 0.8104921
0.6350598 0.7724629
0.7124585 0.7017142
0.7950768 0.6065087
0.603098 0.7976671
0.6946074 0.719389
0.7031135 0.7110776
-0.004937914 -0.9999878
0.6741279 0.7386146
0.1940359 0.9809944
0.6777827 0.7352623
0.7097996 0.7044037
0.7435577 0.6686718
0.4521574 0.8919382
0.8873865 0.4610263
0.5627552 0.8266236
0.7882058 0.6154117
0.8795764 0.4757577
0.8383039 0.5452033
0.8431721 0.5376437
0.8374889 0.5464544
0.3573376 0.9339753
0.6728056 0.7398193
0.6266621 0.7792911
0.5842071 0.8116047
0.6920165 0.7218817
0.7535607 0.6573783
0.4368605 0.8995293
0.8161521 0.5778371
0.6577663 0.7532221
0.844148 0.5361101
0.7673152 0.6412701
0.7666002 0.6421247
0.5985336 0.8010977
0.3178545 0.9481395
0.8051419 0.5930823
0.7081302 0.7060819
0.5678353 0.8231422
0.6426849 0.7661306
0.6033874 0.7974482
0.4372323 0.8993486
0.7305844 0.6828225
0.8143316 0.5804
0.7276213 0.685979
0.594273 0.8042634
0.7202022 0.6937642
0.6033118 0.7975054
0.7274457 0.6861653
0.8051319 0.5930958
0.60165 0.7987598
0.79282 0.6094558
0.7802074 0.6255209
0.7096952 0.7045089
0.5302225 0.8478586
0.8864167 0.4628882
0.4305588 0.9025625
0.5774793 0.8164053
0.6125603 0.7904238
0.6422778 0.7664719
0.5897589 0.8075793
0.7031433 0.7110482
0.8784188 0.4778916
0.3550256 0.9348566
0.2009233 0.979607
0.2014665 0.9794954
0.4618644 0.8869505
0.5434408 0.8394475
0.7083022 0.7059093
0.9709361 0.2393389
0.4983533 0.8669741
0.6082096 0.7937765
0.7053273 0.7088818
0.7507411 0.6605965
0.5061584 0.8624406
0.8663764 0.4993916
0.6297238 0.7768191
0.6654248 0.7464649
0.6145956 0.7888424
0.6378275 0.7701792
0.8022161 0.5970338
0.8104091 0.5858645
0.8570446 0.5152422
0.8617364 0.5073562
0.5213587 0.8533376
0.7362807 0.6766762
0.6718783 0.7406615
0.9162989 0.4004951
0.6707195 0.7417111
0.4343758 0.9007317
0.6190989 0.785313
0.6243298 0.7811609
0.4538869 0.8910593
0.7885925 0.6149162
0.5912739 0.8064708
0.6312756 0.7755585
0.7015303 0.7126397
0.854982 0.5186577
0.654698 0.7558905
0.8394238 0.5434774
0.7902366 0.6128018
0.5857496 0.8104921
0.6350598 0.7724629
0.7124585 0.7017142
0.7950768 0.6065087
0.603098 0.7976671
0.6946074 0.719389
0.7031135 0.7110776
-0.004937914 -0.9999878
0.6741279 0.7386146
0.1940359 0.9809944
0.6777827 0.7352623
0.7097996 0.7044037
0.7435577 0.6686718
0.4521574 0.8919382
0.8873865 0.4610263
0.5627552 0.8266236
0.7882058 0.6154117
0.8795764 0.4757577
0.8383039 0.5452033
0.8431721 0.5376437
0.8374889 0.5464544
0.3573376 0.9339753
0.6728056 0.7398193
0.6266621 0.7792911
0.5842071 0.8116047
0.6920165 0.7218817
0.7535607 0.6573783
0.4368605 0.8995293
0.8161521 0.5778371
0.6577663 0.7532221
0.844148 0.5361101
0.7673152 0.6412701
0.7666002 0.6421247
0.5985336 0.8010977
0.3178545 0.9481395
