0.5117225 0.8591508
0.5117225 0.8591508
0.6306899 0.776035
0.5884031 0.8085677
0.7015687 0.7126018
0.4167478 0.9090222
0.5543967 0.8322526
0.5541153 0.8324399
0.8302782 0.5573492
0.3423986 0.9395548
0.713742 0.7004087
0.5630223 0.8264417
0.8652635 0.5013174
0.9241988 0.3819118
0.4367087 0.899603
0.5852823 0.8108296
0.8239562 0.5666535
0.8652711 0.5013043
0.7537149 0.6572015
0.9690849 0.2467274
0.8797229 0.4754867
0.473644 0.8807164
0.8327307 0.5536782
0.7269046 0.6867385
0.6450482 0.7641419
0.6767659 0.7361983
0.7334784 0.6797128
0.8886858 0.4585168
0.9828743 0.1842771
0.6156188 0.7880441
0.7832427 0.6217161
0.566553 0.8240253
0.6078878 0.794023
0.7709037 0.6369517
0.8705075 0.4921552
0.1941464 0.9809726
0.567385 0.8234526
0.788597 0.6149104
0.7329794 0.6802508
0.5101765 0.8600697
0.6224988 0.7826208
0.6279078 0.7782878
0.8359661 0.5487811
0.9413327 0.33748
0.6334215 0.773807
0.8214762 0.5702428
0.8844164 0.4666987
0.8786068 0.4775458
0.4826192 0.8758303
0.6198825 0.7846946
0.7876452 0.616129
0.5721348 0.8201596
0.9761164 0.2172483
0.6460136 0.7633259
0.4404318 0.8977861
0.869231 0.4944062
0.7275025 0.686105
0.5921871 0.8058005
0.823314 0.5675862
0.6261327 0.7797166
0.5838196 0.8118834
0.6883681 0.7253616
0.8758022 0.4826702
0.7871384 0.6167764
0.8321249 0.5545883
0.8463683 0.532598
0.7811953 0.6242867
0.6391912 0.7690479
0.6632778 0.7483733
0.7035742 0.7106218
0.5984035 0.8011949
0.6804833 0.7327636
0.7928354 0.6094358
0.9211821 0.3891317
0.8540975 0.520113
0.9729142 0.2311665
0.5825246 0.8128131
0.7384575 0.6743
0.7352852 0.6777579
0.7808833 0.6246769
0.8648373 0.5020522
0.7282777 0.6852821
0.9387944 0.3444781
0.9757584 0.2188507
0.7671442 0.6414747
0.870638 0.4919243
0.8682802 0.496074
0.8223728 0.568949
0.6747596 0.7380376
0.5905758 0.8069822
0.4634017 0.8861483
0.6768461 0.7361245
0.9329581 0.3599849
0.7176411 0.6964131
0.9711234 0.2385779
0.6422068 0.7665315
0.9337668 0.357882
0.9314811 0.3637897
0.5628876 0.8265335
0.5788105 0.8154621
0.2095252 0.9778032
0.5117225 0.8591508
0.6306899 0.776035
0.5884031 0.8085677
0.7015687 0.7126018
0.4167478 0.9090222
0.5543967 0.8322526
0.5541153 0.8324399
0.8302782 0.5573492
0.3423986 0.9395548
0.713742 0.7004087
0.5630223 0.8264417
0.8652635 0.5013174
0.9241988 0.3819118
0.4367087 0.899603
0.5852823 0.8108296
0.8239562 0.5666535
0.8652711 0.5013043
0.7537149 0.6572015
0.9690849 0.2467274
0.8797229 0.4754867
0.473644 0.8807164
0.8327307 0.5536782
0.7269046 0.6867385
0.6450482 0.7641419
0.6767659 0.7361983
0.7334784 0.6797128
0.8886858 0.4585168
0.9828743 0.1842771
0.6156188 0.7880441
0.7832427 0.6217161
0.566553 0.8240253
0.6078878 0.794023
0.7709037 0.6369517
0.8705075 0.4921552
0.1941464 0.9809726
0.567385 0.8234526
0.788597 0.6149104
0.7329794 0.6802508
0.5101765 0.8600697
0.6224988 0.7826208
0.6279078 0.7782878
0.8359661 0.5487811
0.9413327 0.33748
0.6334215 0.773807
0.8214762 0.5702428
0.8844164 0.4666987
0.8786068 0.4775458
0.4826192 0.8758303
0.6198825 0.7846946
0.7876452 0.616129
0.5721348 0.8201596
0.9761164 0.2172483
0.6460136 0.7633259
0.4404318 0.8977861
0.869231 0.4944062
0.7275025 0.686105
0.5921871 0.8058005
0.823314 0.5675862
0.6261327 0.7797166
0.5838196 0.8118834
0.6883681 0.7253616
0.8758022 0.4826702
0.7871384 0.6167764
0.8321249 0.5545883
0.8463683 0.532598
0.7811953 0.6242867
0.6391912 0.7690479
0.6632778 0.7483733
0.7035742 0.7106218
0.5984035 0.8011949
0.6804833 0.7327636
0.7928354 0.6094358
0.9211821 0.3891317
0.8540975 0.520113
0.9729142 0.2311665
0.5825246 0.8128131
0.7384575 0.6743
0.7352852 0.6777579
0.7808833 0.6246769
0.8648373 0.5020522
0.7282777 0.6852821
0.9387944 0.3444781
0.9757584 0.2188507
0.7671442 0.6414747
0.870638 0.4919243
0.8682802 0.496074
0.8223728 0.568949
0.6747596 0.7380376
0.5905758 0.8069822
0.4634017 0.8861483
0.6768461 0.7361245
0.9329581 0.3599849
0.7176411 0.6964131
0.9711234 0.2385779
0.6422068 0.7665315
0.9337668 0.357882
0.9314811 0.3637897
0.5628876 0.8265335
0.5788105 0.8154621
0.2095252 0.9778032
