0.8144587 0.5802216
0.8144587 0.5802216
0.7997699 0.6003067
0.7183726 0.6956585
0.6074742 0.7943394
0.5795111 0.8149643
0.7300762 0.6833657
0.6891852 0.7245853
0.7900497 0.6130428
0.8121025 0.5835148
0.7351092 0.6779487
0.6895982 0.7241922
0.6335265 0.773721
0.7359443 0.6770421
0.7474904 0.6642726
0.5852823 0.8108296
0.7473107 0.6644748
0.6314944 0.7753804
0.8114627 0.5844042
0.5659931 0.82441
0.9029426 0.4297612
0.2720623 0.9622796
0.8575175 0.5144548
0.5949655 0.8037513
0.6809343 0.7323445
0.610375 0.7921126
0.5615327 0.8274545
0.8660743 0.4999152
0.1781733 0.9839991
0.2790171 0.9602861
0.2444892 0.969652
0.3745234 0.9272175
0.5325407 0.8464044
0.5447931 0.8385705
0.9268035 0.3755467
0.498654 0.8668011
0.5049531 0.8631468
0.6909156 0.7229354
0.8806112 0.4738396
0.5186572 0.8549823
0.8050304 0.5932336
0.557253 0.8303428
0.7665504 0.6421841
0.5217932 0.853072
0.6981462 0.7159553
0.7083498 0.7058616
0.3966419 0.9179734
0.8954439 0.4451744
0.9128683 0.4082542
0.4706689 0.8823099
0.6719474 0.7405989
0.6817545 0.731581
0.9355404 0.3532196
0.9239238 0.3825765
0.2673232 0.9636069
0.5039933 0.8637076
0.6969251 0.717144
0.4621684 0.8867922
0.5292902 0.8484409
0.6350191 0.7724965
0.6316224 0.7752761
0.4785674 0.8780508
0.8873338 0.4611276
0.5745429 0.8184745
0.5613198 0.827599
0.801616 0.5978393
0.6107673 0.7918102
0.3589081 0.9333729
0.7079334 0.7062792
0.5112123 0.8594545
0.6201445 0.7844876
0.7092305 0.7049766
0.8484207 0.5293225
0.3534095 0.9354687
0.5968621 0.8023438
0.2024769 0.979287
0.659935 0.7513227
0.6214135 0.7834828
0.9570292 0.2899914
0.3528361 0.9356852
0.8878623 0.4601093
0.6286996 0.7776482
0.8208672 0.5711191
0.9365215 0.3506101
0.8366008 0.547813
0.6013105 0.7990154
0.8977285 0.4405492
0.1828113 0.983148
0.6208641 0.7839182
0.6644221 0.7473575
0.6754092 0.7374431
0.8086909 0.5882338
0.6645497 0.747244
0.5210786 0.8535087
0.7869215 0.6170531
0.6079145 0.7940025
0.8713657 0.490634
0.6666909 0.7453343
0.6998085 0.7143305
0.5975836 0.8018066
0.3514246 0.9362162
0.8144587 0.5802216
0.7997699 0.6003067
0.7183726 0.6956585
0.6074742 0.7943394
0.5795111 0.8149643
0.7300762 0.6833657
0.6891852 0.7245853
0.7900497 0.6130428
0.8121025 0.5835148
0.7351092 0.6779487
0.6895982 0.7241922
0.6335265 0.773721
0.7359443 0.6770421
0.7474904 0.6642726
0.5852823 0.8108296
0.7473107 0.6644748
0.6314944 0.7753804
0.8114627 0.5844042
0.5659931 0.82441
0.9029426 0.4297612
0.2720623 0.9622796
0.8575175 0.5144548
0.5949655 0.8037513
0.6809343 0.7323445
0.610375 0.7921126
0.5615327 0.8274545
0.8660743 0.4999152
0.1781733 0.9839991
0.2790171 0.9602861
0.2444892 0.969652
0.3745234 0.9272175
0.5325407 0.8464044
0.5447931 0.8385705
0.9268035 0.3755467
0.498654 0.8668011
0.5049531 0.8631468
0.6909156 0.7229354
0.8806112 0.4738396
0.5186572 0.8549823
0.8050304 0.5932336
0.557253 0.8303428
0.7665504 0.6421841
0.5217932 0.853072
0.6981462 0.7159553
0.7083498 0.7058616
0.3966419 0.9179734
0.8954439 0.4451744
0.9128683 0.4082542
0.4706689 0.8823099
0.6719474 0.7405989
0.6817545 0.731581
0.9355404 0.3532196
0.9239238 0.3825765
0.2673232 0.9636069
0.5039933 0.8637076
0.6969251 0.717144
0.4621684 0.8867922
0.5292902 0.8484409
0.6350191 0.7724965
0.6316224 0.7752761
0.4785674 0.8780508
0.8873338 0.4611276
0.5745429 0.8184745
0.5613198 0.827599
0.801616 0.5978393
0.6107673 0.7918102
0.3589081 0.9333729
0.7079334 0.7062792
0.5112123 0.8594545
0.6201445 0.7844876
0.7092305 0.7049766
0.8484207 0.5293225
0.3534095 0.9354687
0.5968621 0.8023438
0.2024769 0.979287
0.659935 0.7513227
0.6214135 0.7834828
0.9570292 0.2899914
0.3528361 0.9356852
0.8878623 0.4601093
0.6286996 0.7776482
0.8208672 0.5711191
0.9365215 0.3506101
0.8366008 0.547813
0.6013105 0.7990154
0.8977285 0.4405492
0.1828113 0.983148
0.6208641 0.7839182
0.6644221 0.7473575
0.6754092 0.7374431
0.8086909 0.5882338
0.6645497 0.747244
0.5210786 0.8535087
0.7869215 0.6170531
0.6079145 0.7940025
0.8713657 0.490634
0.6666909 0.7453343
0.6998085 0.7143305
0.5975836 0.8018066
0.3514246 0.9362162
