0.6591029 0.7520527
0.6591029 0.7520527
0.7439118 0.6682778
0.6486959 0.7610477
0.6828265 0.7305806
0.5943181 0.8042301
0.5483337 0.8362596
0.7041706 0.7100309
0.7926654 0.6096569
0.7091802 0.7050273
0.584777 0.8111941
0.7062456 0.7079669
0.593878 0.8045551
0.8456696 0.5337068
0.7762897 0.6303763
0.6096345 0.7926826
0.8046017 0.5938148
0.7990936 0.6012066
0.6905242 0.7233093
0.6017443 0.7986888
0.8982835 0.4394163
0.3285457 0.9444881
0.6345192 0.7729071
0.6330583 0.7741041
0.6584429 0.7526307
0.5991347 0.8006483
0.7108558 0.7033378
0.8772679 0.4800011
0.4237289 0.9057891
0.2078857 0.9781531
0.3293759 0.9441989
0.5372706 0.8434099
0.6152813 0.7883076
0.7638491 0.6453949
0.8324536 0.5540947
0.5288701 0.8487028
0.6235956 0.7817471
0.7173643 0.6966983
0.7229025 0.69095
0.5712533 0.8207738
0.7966829 0.6043976
0.6419727 0.7667275
0.7759197 0.6308316
0.680683 0.7325781
0.6402397 0.7681752
0.8149989 0.5794626
0.8678161 0.4968856
0.8763025 0.4817613
0.8525747 0.5226053
0.5051865 0.8630102
0.7246244 0.689144
0.7799159 0.6258844
0.9009083 0.4340096
0.6731457 0.7395099
0.4379438 0.8990024
0.5851881 0.8108976
0.6480369 0.7616089
0.5335654 0.8457588
0.8552231 0.51826
0.5797961 0.8147616
0.5631352 0.8263648
0.7145721 0.6995618
0.8595074 0.5111233
0.7082072 0.7060047
0.8012231 0.5983657
0.8323118 0.5543077
0.5706367 0.8212027
0.6699812 0.7423781
0.6858965 0.7276991
0.7238216 0.6899872
0.5674359 0.8234176
0.6664559 0.7455445
0.7319635 0.6813438
0.4028858 0.9152502
0.6935735 0.7203859
0.2044335 0.9788805
0.6849573 0.7285832
0.7142958 0.6998439
0.7407639 0.6717654
0.4604725 0.887674
0.855583 0.5176657
0.6087828 0.7933369
0.7420051 0.6703943
0.8901799 0.4556093
0.8350377 0.5501928
0.7672882 0.6413025
0.8206357 0.5714517
0.3972851 0.9176952
0.6582561 0.7527941
0.6223806 0.7827148
0.9386081 0.3449852
0.6816006 0.7317244
0.7224881 0.6913833
0.5063282 0.8623408
0.8291422 0.5590377
0.631552 0.7753335
0.8610105 0.5085871
0.8500852 0.5266452
0.6641618 0.7475889
0.5741991 0.8187157
0.3057223 0.9521207
0.6591029 0.7520527
0.7439118 0.6682778
0.6486959 0.7610477
0.6828265 0.7305806
0.5943181 0.8042301
0.5483337 0.8362596
0.7041706 0.7100309
0.7926654 0.6096569
0.7091802 0.7050273
0.584777 0.8111941
0.7062456 0.7079669
0.593878 0.8045551
0.8456696 0.5337068
0.7762897 0.6303763
0.6096345 0.7926826
0.8046017 0.5938148
0.7990936 0.6012066
0.6905242 0.7233093
0.6017443 0.7986888
0.8982835 0.4394163
0.3285457 0.9444881
0.6345192 0.7729071
0.6330583 0.7741041
0.6584429 0.7526307
0.5991347 0.8006483
0.7108558 0.7033378
0.8772679 0.4800011
0.4237289 0.9057891
0.2078857 0.9781531
0.3293759 0.9441989
0.5372706 0.8434099
0.6152813 0.7883076
0.7638491 0.6453949
0.8324536 0.5540947
0.5288701 0.8487028
0.6235956 0.7817471
0.7173643 0.6966983
0.7229025 0.69095
0.5712533 0.8207738
0.7966829 0.6043976
0.6419727 0.7667275
0.7759197 0.6308316
0.680683 0.7325781
0.6402397 0.7681752
0.8149989 0.5794626
0.8678161 0.4968856
0.8763025 0.4817613
0.8525747 0.5226053
0.5051865 0.8630102
0.7246244 0.689144
0.7799159 0.6258844
0.9009083 0.4340096
0.6731457 0.7395099
0.4379438 0.8990024
0.5851881 0.8108976
0.6480369 0.7616089
0.5335654 0.8457588
0.8552231 0.51826
0.5797961 0.8147616
0.5631352 0.8263648
0.7145721 0.6995618
0.8595074 0.5111233
0.7082072 0.7060047
0.8012231 0.5983657
0.8323118 0.5543077
0.5706367 0.8212027
0.6699812 0.7423781
0.6858965 0.7276991
0.7238216 0.6899872
0.5674359 0.8234176
0.6664559 0.7455445
0.7319635 0.6813438
0.4028858 0.9152502
0.6935735 0.7203859
0.2044335 0.9788805
0.6849573 0.7285832
0.7142958 0.6998439
0.7407639 0.6717654
0.4604725 0.887674
0.855583 0.5176657
0.6087828 0.7933369
0.7420051 0.6703943
0.8901799 0.4556093
0.8350377 0.5501928
0.7672882 0.6413025
0.8206357 0.5714517
0.3972851 0.9176952
0.6582561 0.7527941
0.6223806 0.7827148
0.9386081 0.3449852
0.6816006 0.7317244
0.7224881 0.6913833
0.5063282 0.8623408
0.8291422 0.5590377
0.631552 0.7753335
0.8610105 0.5085871
0.8500852 0.5266452
0.6641618 0.7475889
0.5741991 0.8187157
0.3057223 0.9521207
