0.7196428 0.6943444
0.7196428 0.6943444
0.7505783 0.6607815
0.629483 0.7770143
0.6831033 0.7303218
0.6292286 0.7772203
0.5927755 0.8053677
0.7150197 0.6991043
0.7925531 0.6098029
0.7238787 0.6899273
0.6122403 0.7906717
0.701167 0.7129971
0.642346 0.7664148
0.8359595 0.5487912
0.7676253 0.6408989
0.6201669 0.7844699
0.7966523 0.6044379
0.7701712 0.6378373
0.7188963 0.6951173
0.6356482 0.7719788
0.8768709 0.480726
0.4658263 0.8848762
0.6220959 0.7829411
0.6778058 0.735241
0.6525867 0.7577141
0.6149177 0.7885913
0.7133782 0.7007792
0.8749971 0.4841281
0.4708923 0.8821907
0.3069645 0.951721
0.4321639 0.9017951
0.5418296 0.8404883
0.5999953 0.8000035
0.7673129 0.6412729
0.8618237 0.507208
0.5274398 0.8495924
0.6075232 0.7943019
0.755042 0.6556765
0.7154153 0.6986995
0.5805334 0.8142364
0.7682358 0.640167
0.6485895 0.7611384
0.6854752 0.7280959
0.7148688 0.6992586
0.6623038 0.7492354
0.814294 0.5804527
0.7855519 0.6187958
0.8456126 0.5337971
0.8270973 0.5620588
0.5721015 0.8201828
0.7262297 0.6874521
0.7209055 0.6930333
0.9063254 0.4225805
0.6974068 0.7166755
0.442133 0.8969495
0.6255054 0.7802199
0.6978293 0.7162641
0.5351547 0.8447541
0.8255753 0.564292
0.5976592 0.8017502
0.5620153 0.8271269
0.6928303 0.7211007
0.8189151 0.5739147
0.6961383 0.7179077
0.8100223 0.5863991
0.8353956 0.5496492
0.6549815 0.7556449
0.6693614 0.7429369
0.6772572 0.7357463
0.7317134 0.6816124
0.5671534 0.8236122
0.6800004 0.7332117
0.7669389 0.6417201
0.4999518 0.8660532
0.7095244 0.7046808
0.2508828 0.9680175
0.6934873 0.7204689
0.668607 0.7436159
0.740239 0.6723438
0.4835347 0.8753252
0.8746475 0.4847595
0.6531427 0.7572349
0.7374833 0.6753654
0.8904771 0.455028
0.8248714 0.5653204
0.7860375 0.6181788
0.8208065 0.5712064
0.4767869 0.8790189
0.6686754 0.7435544
0.6290963 0.7773274
0.5678451 0.8231355
0.6664713 0.7455307
0.7312768 0.6820808
0.532893 0.8461826
0.8573943 0.5146601
0.6621385 0.7493815
0.8468188 0.5318816
0.817007 0.5766277
0.7089922 0.7052163
0.5928388 0.8053211
0.3213736 0.9469525
0.7196428 0.6943444
0.7505783 0.6607815
0.629483 0.7770143
0.6831033 0.7303218
0.6292286 0.7772203
0.5927755 0.8053677
0.7150197 0.6991043
0.7925531 0.6098029
0.7238787 0.6899273
0.6122403 0.7906717
0.701167 0.7129971
0.642346 0.7664148
0.8359595 0.5487912
0.7676253 0.6408989
0.6201669 0.7844699
0.7966523 0.6044379
0.7701712 0.6378373
0.7188963 0.6951173
0.6356482 0.7719788
0.8768709 0.480726
0.4658263 0.8848762
0.6220959 0.7829411
0.6778058 0.735241
0.6525867 0.7577141
0.6149177 0.7885913
0.7133782 0.7007792
0.8749971 0.4841281
0.4708923 0.8821907
0.3069645 0.951721
0.4321639 0.9017951
0.5418296 0.8404883
0.5999953 0.8000035
0.7673129 0.6412729
0.8618237 0.507208
0.5274398 0.8495924
0.6075232 0.7943019
0.755042 0.6556765
0.7154153 0.6986995
0.5805334 0.8142364
0.7682358 0.640167
0.6485895 0.7611384
0.6854752 0.7280959
0.7148688 0.6992586
0.6623038 0.7492354
0.814294 0.5804527
0.7855519 0.6187958
0.8456126 0.5337971
0.8270973 0.5620588
0.5721015 0.8201828
0.7262297 0.6874521
0.7209055 0.6930333
0.9063254 0.4225805
0.6974068 0.7166755
0.442133 0.8969495
0.6255054 0.7802199
0.6978293 0.7162641
0.5351547 0.8447541
0.8255753 0.564292
0.5976592 0.8017502
0.5620153 0.8271269
0.6928303 0.7211007
0.8189151 0.5739147
0.6961383 0.7179077
0.8100223 0.5863991
0.8353956 0.5496492
0.6549815 0.7556449
0.6693614 0.7429369
0.6772572 0.7357463
0.7317134 0.6816124
0.5671534 0.8236122
0.6800004 0.7332117
0.7669389 0.6417201
0.4999518 0.8660532
0.7095244 0.7046808
0.2508828 0.9680175
0.6934873 0.7204689
0.668607 0.7436159
0.740239 0.6723438
0.4835347 0.8753252
0.8746475 0.4847595
0.6531427 0.7572349
0.7374833 0.6753654
0.8904771 0.455028
0.8248714 0.5653204
0.7860375 0.6181788
0.8208065 0.5712064
0.4767869 0.8790189
0.6686754 0.7435544
0.6290963 0.7773274
0.5678451 0.8231355
0.6664713 0.7455307
0.7312768 0.6820808
0.532893 0.8461826
0.8573943 0.5146601
0.6621385 0.7493815
0.8468188 0.5318816
0.817007 0.5766277
0.7089922 0.7052163
0.5928388 0.8053211
0.3213736 0.9469525
