0.6558094 0.7549265
0.6558094 0.7549265
0.8950087 0.4460487
0.6689493 0.7433081
0.6325274 0.774538
0.4875518 0.8730941
0.5829607 0.8125004
0.7205714 0.6933807
0.8277078 0.5611593
0.6805307 0.7327196
0.8677556 0.4969911
0.4979657 0.8671967
0.7929236 0.6093211
0.8548428 0.518887
0.8744833 0.4850557
0.5368367 0.8436861
0.8352751 0.5498322
0.7494982 0.6620064
0.7490902 0.662468
0.7276269 0.685973
0.865107 0.5015874
0.2117087 0.9773328
0.7190649 0.6949429
0.5914306 0.8063559
0.7758261 0.6309468
0.6767659 0.7361983
0.7413298 0.6711409
0.9585711 0.2848533
0.8117406 0.5840181
0.1347932 0.9908738
0.5271338 0.8497823
0.5279053 0.8493033
0.6083689 0.7936544
0.7564328 0.6540714
0.8644496 0.5027195
0.4578744 0.8890169
0.8666364 0.4989403
0.787733 0.6160168
0.6487536 0.7609985
0.3958377 0.9183205
0.9305067 0.3662748
0.6279078 0.7782878
0.7549084 0.6558302
0.8353638 0.5496974
0.5958101 0.8031253
0.7942488 0.6075926
0.7787519 0.6273321
0.9300323 0.3674777
0.8822457 0.4707893
0.5258573 0.8505728
0.7860139 0.6182088
0.8225758 0.5686555
0.9305901 0.3660629
0.7312505 0.682109
0.41073 0.911757
0.5512471 0.834342
0.8902523 0.4554676
0.6480255 0.7616186
0.8821633 0.4709436
0.5668857 0.8237964
0.4309305 0.9023851
0.7461233 0.6658078
0.8774195 0.4797239
0.7435632 0.6686656
0.5120085 0.8589804
0.8653454 0.5011759
0.3887199 0.921356
0.6726423 0.7399678
0.668355 0.7438425
0.7983378 0.6022099
0.5323437 0.8465283
0.6080649 0.7938873
0.8285148 0.5599672
0.4372638 0.8993333
0.7656569 0.6432492
0.6684341 0.7437714
0.6724238 0.7401663
0.7062247 0.7079878
0.7430143 0.6692756
0.7843375 0.6203344
0.8545613 0.5193506
0.7282777 0.6852821
0.7782623 0.6279393
0.9052522 0.4248747
0.8143156 0.5804223
0.689468 0.7243161
0.7917357 0.6108638
0.414463 0.9100662
0.516936 0.8560241
0.5930052 0.8051986
0.6597006 0.7515285
0.6555196 0.7551782
0.6917977 0.7220914
0.4242763 0.9055328
0.7718861 0.6357609
0.6393341 0.7689291
0.8436147 0.5369489
0.9314811 0.3637897
0.5724859 0.8199146
0.4710302 0.8821171
0.197059 0.9803916
0.6558094 0.7549265
0.8950087 0.4460487
0.6689493 0.7433081
0.6325274 0.774538
0.4875518 0.8730941
0.5829607 0.8125004
0.7205714 0.6933807
0.8277078 0.5611593
0.6805307 0.7327196
0.8677556 0.4969911
0.4979657 0.8671967
0.7929236 0.6093211
0.8548428 0.518887
0.8744833 0.4850557
0.5368367 0.8436861
0.8352751 0.5498322
0.7494982 0.6620064
0.7490902 0.662468
0.7276269 0.685973
0.865107 0.5015874
0.2117087 0.9773328
0.7190649 0.6949429
0.5914306 0.8063559
0.7758261 0.6309468
0.6767659 0.7361983
0.7413298 0.6711409
0.9585711 0.2848533
0.8117406 0.5840181
0.1347932 0.9908738
0.5271338 0.8497823
0.5279053 0.8493033
0.6083689 0.7936544
0.7564328 0.6540714
0.8644496 0.5027195
0.4578744 0.8890169
0.8666364 0.4989403
0.787733 0.6160168
0.6487536 0.7609985
0.3958377 0.9183205
0.9305067 0.3662748
0.6279078 0.7782878
0.7549084 0.6558302
0.8353638 0.5496974
0.5958101 0.8031253
0.7942488 0.6075926
0.7787519 0.6273321
0.9300323 0.3674777
0.8822457 0.4707893
0.5258573 0.8505728
0.7860139 0.6182088
0.8225758 0.5686555
0.9305901 0.3660629
0.7312505 0.682109
0.41073 0.911757
0.5512471 0.834342
0.8902523 0.4554676
0.6480255 0.7616186
0.8821633 0.4709436
0.5668857 0.8237964
0.4309305 0.9023851
0.7461233 0.6658078
0.8774195 0.4797239
0.7435632 0.6686656
0.5120085 0.8589804
0.8653454 0.5011759
0.3887199 0.921356
0.6726423 0.7399678
0.668355 0.7438425
0.7983378 0.6022099
0.5323437 0.8465283
0.6080649 0.7938873
0.8285148 0.5599672
0.4372638 0.8993333
0.7656569 0.6432492
0.6684341 0.7437714
0.6724238 0.7401663
0.7062247 0.7079878
0.7430143 0.6692756
0.7843375 0.6203344
0.8545613 0.5193506
0.7282777 0.6852821
0.7782623 0.6279393
0.9052522 0.4248747
0.8143156 0.5804223
0.689468 0.7243161
0.7917357 0.6108638
0.414463 0.9100662
0.516936 0.8560241
0.5930052 0.8051986
0.6597006 0.7515285
0.6555196 0.7551782
0.6917977 0.7220914
0.4242763 0.9055328
0.7718861 0.6357609
0.6393341 0.7689291
0.8436147 0.5369489
0.9314811 0.3637897
0.5724859 0.8199146
0.4710302 0.8821171
0.197059 0.9803916
