       0.58872104865       0.56314699774       0.58142385266
        0.5662064496       0.58338128097       0.58296457137
       0.58657435557       0.57174448543       0.57361755142
       0.57419816321       0.55699662642       0.59996392009
        0.5795027048       0.56890716466        0.5832636967
       0.56545085531       0.56535832467       0.59385609814
       0.57349865177       0.57733913952       0.58118741762
       0.58355686417       0.56140969191       0.58604844566
        0.5995612237       0.56787259669        0.5639571508
       0.57838508327       0.57416994179       0.57233463735
       0.58508265804       0.56935418192       0.57086279025
       0.57735428965       0.57197732206       0.58321065845
       0.57799255039       0.57910948746       0.57495402059
       0.58931421767       0.57090692188       0.57164153051
       0.57469002531       0.57347492132       0.58383026364
       0.57890788872       0.56977125254       0.58334148592
       0.56332712199       0.59805929155        0.5700593905
       0.56090806939       0.58643548349       0.58435910332
       0.57758171531       0.57432939491       0.58012507986
       0.58677810445       0.57012441922       0.57502985249
       0.59354531629       0.57183405678       0.56516268049
       0.57545477768       0.57740395842       0.57735026919
       0.58522805213       0.58395015726       0.56260614448
       0.57337066983       0.58258882227       0.57605237608
       0.58644329221       0.57926131229       0.56616400152
       0.56761621403       0.60244437307       0.56105067441
       0.59332748715       0.56682442023        0.5719345212
       0.56903928674        0.5824503173       0.58051052194
       0.58561507948       0.57470888346       0.57163333578
       0.56786466625        0.5916134123       0.57230785682
       0.55915740236       0.58481592366       0.58765069116
       0.56503791119       0.57268143862       0.59380231939
        0.5793171329       0.57169778893       0.58099677695
       0.57678529986       0.57729400325       0.57769426463
       0.57600262296       0.57498906566       0.58096198304
       0.58518225032        0.5742740457       0.57226057297
       0.57749627758       0.57329829955       0.57822492133
       0.57619008138       0.59128336608       0.56425812725
       0.56829920147       0.58055382859       0.58351819742
       0.57267455376       0.56748254839       0.58659637616
       0.57352885714       0.57884460628       0.57760715187
       0.55920489055       0.58371024814        0.5895576987
       0.57964959983        0.5766632483       0.57596013105
       0.58005954175        0.5693874569       0.58323519248
       0.58396295825       0.57473714594        0.5732870577
       0.56521943656       0.58339765685       0.58324432004
       0.56652671269       0.57726394162       0.58799411825
       0.56820639815       0.59084991785        0.5727268265
       0.56333179993       0.59348319632       0.56750131524
       0.59182592257       0.56611331795       0.57380988892
       0.58289375031       0.56084725868       0.58795342014
       0.58119172215       0.57388300286       0.57697621068
       0.55991536975       0.57667787798       0.59491495854
       0.57232856887       0.59715937303       0.56199610365
       0.57725229223        0.5889691295       0.56559274723
       0.56216552696       0.58849736254       0.58106860605
       0.59024445727       0.58083366311       0.56079223208
       0.58609158136       0.56363537213       0.58109874588
       0.57626823295        0.5889736977       0.56659057209
       0.58594994957       0.57035944333       0.57735026919
       0.58007327392       0.55119167805       0.59785864064
       0.58199808511       0.58261490161       0.56730776962
       0.54007805864       0.55366002097       0.61333227609
       0.58750192998       0.55448598941       0.57735026919
       0.58302499788       0.55999150964       0.58855306722
        0.5784841075       0.58011135804       0.57345111841
       0.57753804842       0.55493065257       0.59717495083
       0.57945352078       0.56060021723       0.59159266485
       0.56725624332       0.58559884335       0.57598742858
       0.57682288479       0.57116278994       0.57735026919
       0.57938950135       0.57996740641       0.57283953352
       0.56445534638       0.57242169639       0.59474663505
       0.56739564871       0.58527279253       0.57926705248
       0.57081004535       0.57769964202       0.58342930928
       0.57825197133        0.5822618311       0.57003471002
       0.56694442367       0.57711932819       0.58778828773
       0.58144684084       0.59380535958       0.55618706934
        0.5679449134       0.58933202577       0.57455294771
       0.57297201362       0.57304714496        0.5861173393
       0.57776018646       0.57580291367       0.57851575089
       0.59134434594       0.59526982574       0.54430050301
       0.53770379356       0.59011649046       0.60220508513
       0.57548434527       0.58156681166       0.57497668424
       0.58552901662       0.57838560398       0.56800476004
       0.57084425746       0.59284195913        0.5680925507
       0.57821044958       0.58386364552       0.56915821647
       0.57254293016       0.58038955987       0.57928347018
       0.59050431001          0.57348397       0.56330134675
       0.57019807789       0.58108613012       0.58051959353
       0.57398616258       0.56641700798       0.59138300779
        0.5696990171       0.59177825785       0.57362616822
       0.57703649966       0.57619588694       0.57862664056
       0.59103793515       0.56975732133       0.57101247202
       0.58060359696        0.5659291257       0.58534065972
       0.56950092239       0.57328436437       0.58907898455
       0.57765148311       0.56821691785       0.58590531511
       0.57321187865       0.58769121039       0.57064469009
       0.58853975035       0.57427138133       0.56943831921
       0.59065680908       0.55995220452       0.58103971555
        0.5844204395       0.58061590898       0.56686675342
       0.58763874795       0.59787980209       0.54675544853
       0.57279717717       0.59080489578       0.56802275291
       0.57402505127       0.57977134954        0.5782390706
        0.5759829083       0.56653858538       0.58931134047
       0.57137626297       0.57830327793        0.5823779428
       0.58568843612       0.56234956191        0.5844245862
       0.57613921327       0.58119211471       0.57429918849
        0.5722360383       0.57656772422       0.58307535695
       0.58323879934        0.5601890368       0.58823206445
       0.57182720158        0.5629460246       0.59674569535
       0.56456145246       0.58419483525       0.58308383688
       0.56238609558       0.57841575221       0.57735026919
       0.59274821831       0.58829866784       0.55737025906
       0.57208018743       0.58075084642       0.57918725578
       0.56899297516       0.58683610374       0.57608181462
       0.58298074014       0.56653544189       0.58238902708
       0.56876333891       0.57398266566       0.58915177719
       0.57999303475       0.58186511668       0.57017685846
        0.5628491229       0.58479004752       0.57735026919
       0.58019111982       0.58270769961       0.56936152527
       0.59623460317       0.56001077928       0.57521064052
       0.57216225676       0.57987727542       0.57997646279
       0.59126131212       0.57220905833       0.56831930622
       0.58522609076       0.57478239622       0.57153292157
       0.57501716047       0.59335901951       0.56309233488
       0.58843439771       0.57744126855       0.56595630681
       0.56656290111       0.58385246564       0.57735026919
       0.57571412062       0.57298736975       0.58330668697
       0.57781623703       0.56842716619       0.58568609373
       0.56291425042         0.602340404       0.56596260774
       0.58844577835       0.54775479031       0.58856642825
       0.57695527648        0.5869532542       0.56839210672
       0.58098402607       0.57998151592       0.57103079516
       0.57811669463       0.56737708318       0.58640718167
       0.56907695819       0.59051948171       0.57220627927
       0.58114876324       0.57951937355       0.57155768238
       0.60408278167       0.57138349311       0.56114567292
        0.5678784136       0.57631836744       0.58768305198
       0.57606796871       0.57135642552       0.58419047796
       0.57649151934        0.5674531844       0.58762161486
       0.58118331257       0.56747599862       0.58325784771
       0.56953257941        0.5874771022       0.57489416015
       0.57117062349       0.59365154016       0.56687032709
       0.57932838421       0.59309111976       0.55915359624
       0.57757188751        0.5755084958       0.57525070486
       0.57274792926       0.57341367913       0.58320371616
       0.57259429237       0.57548098614       0.58390766742
       0.56857482857       0.58665877927       0.57498448553
       0.56528399486       0.59141298043       0.57558564132
       0.55868365201       0.57887807924       0.57735026919
       0.58402793356       0.56156430958       0.58389415585
       0.58835278476       0.57098468679        0.5719186795
       0.58833525919       0.56951226412       0.57398062966
        0.5901513157       0.57889097426       0.56270219636
       0.59957477572       0.56132987281       0.57047530407
       0.57247485196       0.58051080234       0.57860469206
       0.57112391881       0.60302282157       0.55694029441
       0.59528256505       0.55751017463       0.57806945228
       0.58036756159       0.58254135991       0.56292040249
       0.56624715272       0.58194256975       0.58272240192
       0.58218850926       0.56715902101       0.58261543949
       0.58016204013       0.57230674037       0.57954832958
       0.58416211168       0.56904739444       0.57405835237
       0.56601789359       0.58801903164       0.57794139881
        0.5669544928       0.57750598991       0.57735026919
        0.5675143524       0.58847582044       0.57586775268
       0.57394478355       0.56469747546       0.59291905262
       0.57157469691       0.58516070738       0.56493968211
       0.59287488108       0.58121750836       0.55361911718
       0.63160330591       0.55508497748       0.57735026919
       0.56811864107       0.59616173493       0.56781052535
       0.56338763542       0.58904658129       0.57932588998
       0.56982618731       0.57577347922       0.58632391913
       0.56012074955       0.57243392525       0.59881845812
       0.55438605478       0.58660779163       0.59038045927
       0.57759332442       0.58235466545       0.57205681118
       0.57726379853       0.56093983042       0.59357395737
       0.59350867529       0.56085462206       0.57720208519
       0.58732113066       0.56329338014       0.58141659327
       0.57940296269       0.57560285885       0.57703601313
       0.56981051216        0.5912466162       0.57073936176
       0.57607380952       0.57487874669       0.58107945596
       0.58271017197        0.5708586794       0.57643047959
         0.575555039       0.56498292077       0.58553671556
       0.58405803654       0.55494332671       0.59107231885
       0.56256040947       0.58698278246       0.58281475772
       0.56643053181       0.59436250284       0.56761865417
       0.58512421351       0.55637772123        0.5899765984
       0.57760993165       0.58901280943       0.56570131178
       0.57536677329       0.56031074432       0.57735026919
       0.57381266341        0.5678954133       0.58462534373
       0.58039262234        0.5767509169       0.57426661025
       0.57188302242       0.57007912039       0.58988068249
       0.57991814324       0.57536614913       0.57688362268
       0.58819028997         0.577867212       0.56600231749
       0.61562409674       0.57580702683       0.54375088984
       0.57942217425       0.57623939464       0.57638608345
       0.57623389293       0.59077885672       0.56474683201
       0.56286982039       0.58627179562       0.58411479246
       0.56165308669       0.57886160149       0.59120077721
       0.58888767723        0.5674922137       0.57546707993
        0.5762056151        0.5659312747       0.57735026919
       0.58015100719       0.57136133196       0.58052579834
       0.56601002151       0.57752932673       0.58829516919
       0.56804114713       0.56764378641       0.59130702642
       0.58025571395        0.5763775818       0.57540661536
       0.57246926203       0.57050941655       0.58873731227
       0.56901940047       0.57896341143       0.57735026919
       0.58960562089       0.57108553725        0.5710479953
       0.59566965655       0.56769513246       0.56759237005
       0.56705688844       0.58927491577       0.57735026919
       0.58650647894       0.57024800117       0.57518099878
       0.57401357384       0.56832088687       0.58951476588
       0.58273524208       0.56489040207       0.58387641528
        0.5746417195         0.570157573       0.58768443645
       0.55430367042       0.57961614438       0.57735026919
       0.55477279134       0.58521643674       0.59139569843
       0.56974856138       0.55727716481       0.59910129459
       0.58450927827       0.56582214612       0.56435951584
       0.59015875576       0.58544718255        0.5558459814
       0.55557858436       0.58955804653       0.58630622418
       0.57943244408       0.57516205798       0.57739359196
       0.55179094508       0.58142249725       0.59637612445
       0.56557119251       0.58086717543       0.58522470475
       0.56484282461       0.56707399474       0.59950058087
       0.55961134929       0.58722692786       0.57735026919
       0.56862162717       0.58662277676       0.57696441334
       0.56860275675       0.59098649214       0.57221390657
        0.5543204215       0.57322015785       0.57735026919
       0.59978336645       0.56312317651       0.56867168757
       0.60208005052       0.57401829331        0.5547802648
       0.57936074658       0.56092789331       0.59135217113
       0.56580958448       0.59218668106       0.57351072242
       0.58318667508       0.57796674904       0.57083461386
       0.58197583323       0.57540178603       0.57468229269
       0.58857914557       0.55692234212       0.57735026919
       0.57198290342       0.56961431046       0.59023308575
       0.58479342785       0.58292846944       0.56456536165
       0.57608353058       0.58013818905       0.57575494984
        0.5874502635         0.569262651       0.57485295464
       0.57859145742       0.58002398929       0.57272292253
       0.57764569247       0.58976621221       0.56444105256
       0.57935206844       0.58391593824       0.56867648923
       0.57353944312       0.58482205836        0.5736226404
       0.57452087307       0.56760508704       0.58456830833
       0.59032564068       0.57616709236       0.56557034839
       0.60269094095       0.55986617777       0.57016724973
        0.5881014823       0.56616091222       0.57705154245
       0.57099722079       0.58664147385       0.57377527896
        0.5623378282       0.58347553189       0.58645915702
       0.57464410232       0.57674618719       0.58064394967
       0.55994315594       0.58879489695       0.57735026919
       0.58291485658       0.56798598037       0.56717222017
       0.59054644151       0.56594214581       0.57529524329
       0.57112059203       0.58191603995       0.57890584288
       0.55737279254       0.57122666786       0.59238487975
       0.57619908816       0.57738478543       0.57735026919
       0.56896955332       0.57742651951       0.57735026919
        0.5681750974        0.5913173076       0.57184749618
       0.58532082893       0.57157442945       0.57508951167
       0.60107593717       0.56417536552       0.57735026919
       0.57120964369       0.58892607001       0.57096723172
       0.56175856162       0.59604146025       0.57372629183
       0.59481074507       0.56462915874       0.57219071217
       0.56451200442       0.58377406263       0.57735026919
       0.58392303691       0.57503418896       0.57304113269
       0.55855561419       0.58459407849       0.58844319118
        0.5898493668       0.57530308413       0.56686452578
       0.57595821886       0.57147491359       0.58454203274
       0.56420282454       0.57979148662       0.58780636154
       0.57516379746       0.56346534875       0.59154325099
       0.57497951347       0.56970091785       0.58465720695
       0.57506897042       0.57948824471       0.57748680397
       0.57433642947       0.57859562729       0.57983997035
       0.58479252889       0.54962185003       0.59658346939
       0.57021510141        0.5765814758       0.58508736232
       0.57631540526       0.57549408288        0.5802302252
       0.58550814182       0.59608370952       0.55629611406
       0.56269832703       0.58526475542       0.58381140701
       0.57737036098       0.59000387649       0.56921035325
       0.56846055198       0.57995016581       0.58367276812
       0.56686470355       0.57040901923       0.59782906685
       0.55880890268       0.58032259029       0.59264291486
       0.57290572629        0.5874033463       0.57145178041
       0.58028738177       0.57040627681       0.58128369408
       0.59545639145       0.58181183441       0.55033435266
       0.57482094918       0.58125891079       0.57599753383
       0.58918996394       0.58019873817       0.55998794067
       0.57928754493       0.57656162624       0.57619686537
       0.57907336991       0.58066404711       0.57227718013
       0.58542143301       0.57937657481       0.56779646788
       0.57769562179       0.55825136406        0.5956410372
       0.59478091104       0.56867028124       0.56819746335
       0.59142465068          0.57851232       0.56246438119
       0.56883268946       0.59199489553       0.57062882202
       0.57671959486       0.58199342864       0.57330459437
       0.57003066155       0.59652805644       0.56495550648
       0.56643864594       0.52710679174       0.62083356025
       0.56611250971       0.59463247925       0.57033494711
        0.5818352346       0.57902270452       0.57116528284
       0.58291485658       0.56798598037       0.56717222017
       0.56534404507       0.57842928425       0.58814005097
       0.55321338841       0.58686018559       0.59121181196
       0.58456914164       0.57135264969       0.56188705826
       0.58912303081       0.56739939307       0.57533295262
       0.57721686713       0.58135283824       0.57316593945
       0.57879745433       0.57607796128       0.57712279113
       0.57262809059       0.54690715277       0.57735026919
       0.57249174061       0.58164224212       0.57786834027
       0.57369322478        0.5649316326       0.59264321149
       0.59277133728        0.5535397079       0.58481631298
       0.57599163118       0.56446686354       0.59149729263
        0.5550061392       0.58074109976       0.59560148251
       0.58093318281       0.56680952378       0.56717222017
       0.59776820406       0.56809680055       0.56565143915
       0.56020147053       0.57005261048       0.59276783428
       0.56734110086       0.58647128538       0.57462388778
       0.58545406881       0.58590679532        0.5610176482
       0.58168360962         0.576951857       0.57351655835
       0.57428831969       0.57594609535       0.58265560042
       0.57974286202       0.57303567306       0.57924775808
       0.57665800613       0.57756139648         0.577830752
       0.56787975835       0.58143365508       0.58204040543
       0.57053284662       0.58329687746       0.57735026919
       0.58370279353        0.5746669664       0.57289506433
        0.5792110537        0.5813674576       0.57364124632
       0.56730833152       0.59275563902       0.57177339993
       0.59427099711       0.56098247765       0.57615877625
       0.56295229629        0.5899004205       0.57818917316
       0.56616886554       0.58779606883       0.57788278012
       0.57833359177       0.58623980891       0.56732102295
       0.56505157604       0.59199854138       0.57735026919
        0.5874962151       0.56711521045       0.57724563638
       0.57427277499       0.56845872749       0.58924521544
        0.5848423899       0.57684706306       0.57026485558
       0.56069782609       0.58801088452       0.57735026919
       0.57459473687       0.57438189704       0.58303188887
        0.5972027735       0.55930460604       0.57491505384
        0.5658607161       0.57552887654       0.59040171572
       0.57487196887       0.55369751037       0.57735026919
       0.57900193005       0.57450598397       0.57853231485
       0.58019835661       0.58896966429       0.56252071884
       0.56354330823       0.57575144442       0.59236947122
       0.57467760967       0.58388938407       0.57353433865
       0.56374169559       0.57467186191       0.59382476771
       0.56848884011       0.58261257715       0.58084681597
       0.58336062282       0.57854908102       0.57006152359
       0.57591044785         0.567634442        0.5883913398
       0.58449456635       0.56260145265       0.57367869847
        0.5653563335       0.58141170632       0.58509140641
       0.57169483079        0.5831711513       0.57712713355
       0.56129577098       0.57271211432       0.59773484445
       0.55235706858       0.58476956157       0.59407019553
       0.58376410031       0.55791697775       0.58478251935
       0.57815512006        0.5805797551       0.57735026919
       0.58008837543       0.56878129437       0.56934260758
       0.58256677135       0.57782283896       0.57162942516
       0.57195959292       0.58721113346       0.57174194145
       0.57077389373       0.58291419419       0.57735026919
       0.57246649112       0.58263188946       0.57686408875
       0.58472576025       0.62350350651       0.53414587198
       0.55979127519       0.59548805016       0.57568433385
       0.59249645181       0.57569673142       0.56357912643
       0.57290524363       0.58040302801        0.5785116411
       0.57985779107       0.58453690943       0.56806841847
       0.58763455409       0.56980416469       0.57538879196
       0.55355231169        0.5968644154       0.58080350264
       0.58667103287       0.56198378508       0.57201402989
         0.586173734        0.5536121171       0.58648480224
       0.58812120227       0.57662777379       0.56705122732
       0.59135036843       0.57061475222       0.57735026919
       0.57044423255       0.57585144978       0.58565218802
       0.57294879798       0.58430758556       0.57358629341
       0.58430000587       0.55636604075       0.59112643249
       0.56047105704       0.59566444225       0.57537471831
         0.580872934       0.55698172772       0.59348579776
       0.58305834975       0.57245365685       0.56509450111
       0.58836309034       0.58915491772       0.55382786443
       0.57416601673        0.5642428957       0.59155141112
       0.57292314568       0.57788512757       0.58121311639
       0.58060515855       0.58363300479       0.56752889449
       0.56790777356       0.56054497123       0.60272227381
       0.59570579791       0.56766454399       0.57735026919
       0.58464492425       0.57078250171        0.5762992235
       0.57496596988       0.57178959005       0.58521369259
       0.58427093817       0.57163940689       0.57607414622
       0.56899142419       0.58433101704       0.57897036589
       0.57844113986       0.57397414139       0.58100725144
       0.56868061437       0.58660394329        0.5766747235
       0.56454592708       0.59976865664       0.56713657822
       0.56434525751       0.57681451981       0.58788485621
       0.58539477073       0.57261107915        0.5739586652
        0.5835719313       0.56454156737       0.58370225355
       0.59837961599       0.57110214513       0.56216323387
       0.57897780958       0.57168951738       0.57233463735
       0.57239856734       0.57713332718       0.58065158157
       0.58660658934        0.5728799676       0.57735026919
       0.56743972418       0.57794254277       0.58650635355
       0.58191290423       0.58486665111       0.56507336289
       0.54796154705       0.57571357784       0.60687067753
       0.58461606601        0.5674937866       0.58092258427
       0.56300813476       0.57518901249        0.5924925324
       0.57681324612       0.57787011679       0.57740096905
       0.58998585147       0.58578996383       0.55569170923
       0.56832279388       0.58778374568       0.57735026919
       0.57627793799       0.57350134773       0.58223701364
       0.57137879488       0.57351337809       0.58868366141
       0.56935494045       0.58812246689       0.57735026919
       0.60076015052       0.55949501407        0.5722356639
       0.57240859623        0.5796632857        0.5800142605
       0.56926603598       0.58465532107       0.57761178272
       0.57240063232        0.5827532006       0.57735026919
       0.56517306994       0.58013027301        0.5865368223
       0.58836796233        0.5773257814        0.5655962401
       0.56556114722       0.57538766788       0.59024772664
       0.58431147296       0.57564157923       0.57200966037
       0.58734509511        0.5710664035       0.57466347861
       0.59243534834       0.57138054174       0.56791564912
       0.60507104993       0.56694261639       0.55898577286
       0.57555522683       0.57665947754       0.57965211399
       0.58936605551       0.56993580803       0.57274406551
       0.59200074023       0.57610189151       0.56359712967
       0.59000424376       0.57851330092       0.56327771232
       0.58127309234       0.55786420672       0.59237949264
       0.57356531506       0.57095491858       0.58746702483
       0.58155556381       0.56750811488       0.58134602358
       0.57242150293       0.57660493744        0.5808007623
       0.56886492645       0.58481474383       0.57825981254
       0.57376070751       0.57874997045       0.57951246181
       0.59165110894       0.55198744208       0.58758855355
       0.57825926628        0.5640304028       0.58947822738
       0.59163450741       0.57449922971        0.5680983668
       0.58797295781       0.57391572071       0.57002175001
         0.568580635       0.57088335365       0.59229067851
       0.58658624149         0.557714945       0.57050355723
       0.56130853354       0.58710910235       0.58287579755
       0.59321858632       0.55866896389       0.57686033852
       0.54955628533        0.5916664685       0.57735026919
       0.59181694074       0.57327604635       0.56764942051
       0.57267655537       0.57993122973       0.57941464575
        0.5883411558       0.57702155527       0.56648107575
        0.5811727252       0.57857524478       0.57226793627
       0.55669664033       0.59890188828       0.56659422701
       0.59414346099       0.57302348671       0.56485735132
       0.58172034825       0.56849405615       0.58204900754
       0.58089983529       0.58339720908       0.56759846674
       0.56339374048        0.6034441086       0.56555673784
       0.57613359327       0.57546552365       0.58058458069
       0.57383202214       0.56960092721       0.59734659375
       0.59476274612       0.57019433715       0.56711006295
        0.5745010718       0.57412329238       0.58358405111
       0.59095706259       0.56966442809       0.57120615905
        0.5702680263       0.57959766317       0.58210386391
       0.56346291934       0.59632384816       0.57174922388
       0.57167999717       0.59521597331       0.56750131524
       0.58660954436       0.55232361252       0.60578921458
       0.57302811249       0.56189366655       0.59654112172
       0.58329577982       0.56450995262       0.58401322831
       0.58290311514       0.57862112438       0.56711441569
        0.5776859903       0.57424694124       0.58010285868
       0.57493727486       0.57907665953       0.57801209099
        0.5772164816       0.55447844172       0.59936893745
       0.59006548763       0.56798352252       0.57389345795
       0.56978966315        0.5771013436       0.58375578701
       0.57407154462       0.57332902994        0.5845833806
       0.58875175369       0.57007969942       0.57303580975
       0.57724393546       0.58434933516       0.56947667006
       0.57674819939       0.58257120132       0.57241435269
       0.61870261887       0.55565956953       0.57735026919
       0.58756595353       0.57179545211       0.57735026919
       0.57452087307       0.56760508704       0.58456830833
       0.56767054093       0.56903386622        0.5949383002
       0.56083025512       0.57144780838        0.5990925872
       0.58001911461       0.56399400042       0.58778514653
       0.57341426358       0.56905407973        0.5895116549
       0.56796524434       0.57029591551       0.59341141877
       0.59651569094        0.5648630254       0.57025437465
       0.56700868222       0.58273564464       0.58217453303
       0.58030616864       0.58004097847       0.56910501554
       0.58069967727        0.5839907113       0.56640258632
       0.58287775008       0.57034466043       0.57214873212
        0.5727630724       0.58020704387       0.57905288977
       0.56557610979       0.58894376564       0.57735026919
       0.58089677922       0.57283663238       0.57233463735
       0.58852766872       0.57060097897       0.57314375819
       0.58834374568       0.56400681334       0.57735026919
       0.57511591334       0.57871386925       0.57896605575
       0.59191392778       0.56868335783       0.57057699691
       0.58211743252       0.56532504966       0.58416797217
       0.59239409842       0.57261616158       0.56671382593
       0.57260597996        0.5850643641       0.57430141907
       0.56897681953       0.58199027549       0.58099260881
       0.58219838236       0.58878235675       0.56018873752
       0.58590244912       0.57641492677       0.56958681513
       0.57351338724       0.57209124169       0.58633949708
       0.57028458915       0.58939584226       0.57218905449
       0.59252678724       0.56920869174       0.57735026919
       0.57419659087       0.57974808693       0.57807578692
        0.5818374587       0.57281029144       0.57737078937
        0.5899206475       0.56328639388       0.57731969461
